15 12
0 0 1 3
0 0 1 4
0 0 4 2
0 0 5 4
0 1 6 5
0 1 7 3
0 1 8 2
0 1 11 2
0 1 14 5
0 1 16 5
0 1 17 3
0 1 19 1
0 2 6 1
0 2 6 5
0 2 9 4
0 2 11 3
0 2 11 4
0 2 13 4
0 2 14 1
0 2 17 3
0 2 17 4
0 2 19 3
0 3 7 3
0 3 7 4
0 3 8 3
0 3 9 1
0 3 11 1
0 3 14 5
0 3 15 5
0 3 17 5
0 3 19 4
0 3 19 5
0 4 7 5
0 4 8 2
0 4 8 4
0 4 10 2
0 4 12 1
0 4 12 2
0 4 14 3
0 4 15 2
0 4 19 1
0 5 6 1
0 5 10 2
0 5 11 5
0 5 12 1
0 5 12 2
0 5 14 2
0 5 15 4
0 5 16 3
0 5 19 1
6 6 7 18
6 6 12 18
6 6 13 10
6 6 16 7
6 6 18 15
6 7 9 13
6 7 17 14
6 8 15 11
6 8 18 10
6 9 8 11
6 9 8 16
6 9 16 11
6 9 17 12
6 9 18 18
6 9 19 8
6 10 8 9
6 11 16 13
6 12 10 9
6 12 15 10
6 13 6 14
6 13 13 8
6 14 11 8
6 14 14 13
6 14 14 15
6 15 9 18
6 16 15 19
6 16 17 10
6 16 18 10
6 17 13 8
6 17 14 13
6 17 18 16
6 19 16 14
7 7 12 12
7 7 14 8
7 7 15 19
7 7 16 16
7 8 7 17
7 9 8 16
7 10 14 12
7 10 14 13
7 10 19 11
7 11 7 15
7 11 18 16
7 13 14 17
7 14 9 14
7 14 16 11
7 14 19 18
7 15 9 17
7 15 17 10
7 15 18 15
7 15 19 8
7 15 19 18
7 16 11 12
7 17 12 12
7 17 13 11
7 18 19 12
7 19 8 8
7 19 11 9
7 19 12 17
7 19 13 11
8 8 9 9
8 8 12 18
8 9 9 10
8 9 9 13
8 9 13 15
8 9 16 18
8 10 12 16
8 10 14 16
8 11 13 9
8 12 11 16
8 12 18 13
8 12 18 15
8 13 10 15
8 15 18 10
8 15 18 11
8 16 15 19
8 16 16 17
8 17 16 12
8 18 9 9
8 18 10 9
8 18 18 14
9 10 16 12
9 12 17 10
9 13 13 18
9 14 11 11
9 15 11 15
9 15 14 10
9 16 14 11
9 17 14 19
9 17 17 12
9 18 12 10
9 18 17 17
9 18 18 11
10 10 19 14
10 11 13 18
10 11 18 13
10 12 14 19
10 12 15 12
10 13 13 19
10 13 19 17
10 15 13 19
10 15 15 12
10 17 11 17
10 17 14 11
10 18 11 14
10 18 19 16
10 19 13 16
10 19 13 18
10 19 16 18
11 12 11 17
11 14 15 14
11 15 11 17
11 15 19 18
11 16 19 18
11 18 17 13
11 18 19 12
12 12 19 17
12 13 17 15
12 13 19 14
12 15 16 16
12 16 15 13
12 17 17 13
12 19 16 16
13 13 18 15
13 14 15 15
13 17 16 14
13 17 17 16
13 17 19 19
14 14 16 16
14 19 15 19
