19 10
0 0 2 5
0 0 3 2
0 0 5 3
0 0 5 5
0 1 6 4
0 1 7 2
0 1 8 1
0 1 8 5
0 1 9 1
0 1 11 4
0 1 11 5
0 1 12 1
0 1 15 2
0 1 16 2
0 1 19 2
0 2 6 1
0 2 8 1
0 2 9 2
0 2 9 4
0 2 12 2
0 2 13 2
0 2 16 3
0 2 17 2
0 2 17 5
0 2 18 3
0 3 6 4
0 3 8 4
0 3 9 5
0 3 10 5
0 3 11 3
0 3 13 1
0 3 13 5
0 3 14 3
0 3 15 4
0 3 17 3
0 4 6 3
0 4 6 4
0 4 7 1
0 4 10 1
0 4 10 5
0 4 11 2
0 4 13 3
0 4 14 4
0 4 16 1
0 4 17 1
0 4 17 3
0 5 7 3
0 5 7 4
0 5 8 2
0 5 13 1
0 5 15 3
0 5 15 4
0 5 18 5
0 5 19 4
6 6 6 14
6 7 7 19
6 7 8 13
6 7 10 18
6 7 19 7
6 8 13 13
6 9 7 14
6 9 19 19
6 10 6 17
6 10 7 8
6 11 6 16
6 11 8 12
6 11 15 10
6 12 8 16
6 12 14 7
6 13 11 11
6 13 12 8
6 13 14 10
6 14 6 16
6 14 10 18
6 14 17 10
6 15 8 13
6 15 10 9
6 15 16 10
6 15 17 10
6 15 19 9
6 16 7 13
6 16 11 19
6 16 13 17
6 16 19 14
6 17 18 18
6 18 15 12
6 19 18 11
6 19 19 18
7 7 7 15
7 7 8 15
7 7 9 11
7 7 19 13
7 8 9 19
7 8 14 9
7 9 15 16
7 10 10 15
7 10 11 19
7 10 15 13
7 11 13 9
7 11 15 18
7 11 17 17
7 12 18 16
7 12 19 13
7 14 9 18
7 15 9 16
7 15 16 14
7 17 8 11
7 17 8 14
7 17 17 12
7 18 18 15
7 19 11 16
7 19 16 10
7 19 19 15
8 8 8 16
8 9 15 19
8 10 12 9
8 11 10 15
8 11 11 15
8 11 12 15
8 12 14 12
8 12 15 10
8 12 18 16
8 14 13 10
8 14 13 19
8 14 14 17
8 14 16 10
8 14 18 9
8 15 13 11
8 16 10 13
8 16 11 13
8 16 15 12
8 16 15 15
8 16 17 11
8 17 13 11
8 17 14 10
8 18 18 18
8 18 19 13
8 19 13 11
9 9 12 14
9 9 16 11
9 9 19 14
9 10 11 12
9 10 12 18
9 12 14 10
9 12 16 11
9 14 13 10
9 14 13 15
9 15 19 12
9 17 10 11
9 17 10 14
9 17 10 18
9 17 12 13
9 17 12 15
9 17 16 11
9 17 18 14
9 17 18 17
9 18 10 18
9 18 19 12
9 18 19 16
10 11 15 12
10 12 13 18
10 12 13 19
10 12 16 16
10 14 11 12
10 14 17 17
10 16 16 16
10 18 12 17
10 18 17 18
11 11 15 16
11 11 19 18
11 14 11 19
11 14 14 15
11 19 13 16
12 12 13 14
12 12 16 14
12 14 15 14
12 15 12 18
12 16 18 17
12 17 18 14
12 19 14 17
13 13 17 18
13 13 19 16
13 14 13 15
13 18 16 19
13 18 19 19
13 19 16 17
14 15 15 17
15 17 19 17
16 19 19 18
17 18 18 19
