10 6
0 0 1 1
0 0 1 2
0 0 2 1
0 0 3 3
0 1 4 3
0 1 5 1
0 1 5 2
0 1 6 3
0 1 7 2
0 1 7 3
0 1 9 1
0 1 10 2
0 2 4 1
0 2 4 2
0 2 6 2
0 2 7 1
0 2 7 2
0 2 9 3
0 2 10 2
0 2 10 3
0 3 4 3
0 3 5 1
0 3 5 3
0 3 6 1
0 3 6 3
0 3 9 1
0 3 10 1
0 3 10 2
4 4 5 5
4 5 7 7
4 6 4 7
4 6 5 8
4 6 7 5
4 6 7 6
4 6 8 6
4 7 10 6
4 8 4 9
4 8 6 8
4 8 9 8
4 8 9 9
4 9 5 9
4 9 7 9
4 9 9 10
5 5 10 8
5 6 6 9
5 6 9 10
5 6 10 7
5 7 7 10
5 7 8 9
5 8 5 10
5 8 7 10
5 8 8 10
5 9 8 8
6 6 8 7
6 7 7 7
6 10 7 8
6 10 10 8
7 10 10 8
8 9 9 9
8 9 10 9
