18 5
0 0 1 2
0 0 2 5
0 0 3 3
0 0 4 2
0 1 6 1
0 1 6 4
0 1 8 1
0 1 9 2
0 1 12 1
0 1 13 4
0 1 14 1
0 1 14 5
0 2 6 2
0 2 6 4
0 2 8 5
0 2 9 3
0 2 11 1
0 2 11 3
0 2 13 1
0 2 13 4
0 3 7 2
0 3 7 5
0 3 8 4
0 3 11 2
0 3 11 4
0 3 12 1
0 3 13 2
0 4 6 2
0 4 7 3
0 4 8 2
0 4 10 3
0 4 10 4
0 4 12 5
0 4 13 5
0 5 7 5
0 5 8 3
0 5 8 5
0 5 9 3
0 5 10 3
0 5 11 1
0 5 13 1
0 5 14 4
6 6 10 10
6 7 7 12
6 7 13 12
6 8 6 11
6 8 9 8
6 9 9 14
6 9 12 10
6 10 7 7
6 10 8 8
6 10 11 12
6 10 12 13
6 10 13 9
6 10 13 11
6 11 7 12
6 11 8 14
6 11 9 8
6 12 11 12
6 14 9 7
6 14 14 8
7 7 7 10
7 7 13 11
7 7 14 10
7 9 9 8
7 9 11 13
7 9 13 11
7 9 14 13
7 12 8 14
7 12 10 8
7 12 13 13
7 13 11 14
8 9 9 14
8 9 12 10
8 10 13 14
8 11 11 14
8 11 14 9
8 12 10 12
8 12 13 11
8 13 14 11
8 14 9 14
9 9 9 11
9 10 12 11
9 13 11 10
9 13 12 14
10 10 10 11
10 12 14 13
10 14 12 12
10 14 12 13
11 14 12 12
