11 7
0 0 1 2
0 0 1 3
0 0 4 1
0 0 4 2
0 1 5 1
0 1 6 3
0 1 8 3
0 1 9 2
0 1 10 1
0 1 12 1
0 2 6 3
0 2 7 1
0 2 8 2
0 2 9 3
0 2 10 3
0 2 10 4
0 2 11 4
0 2 12 2
0 3 5 4
0 3 6 1
0 3 6 4
0 3 7 2
0 3 8 4
0 3 9 1
0 3 11 4
0 3 12 3
0 4 5 1
0 4 6 2
0 4 6 3
0 4 7 4
0 4 8 4
0 4 9 2
5 5 5 8
5 5 6 10
5 6 11 10
5 7 5 8
5 7 5 10
5 7 6 9
5 7 6 10
5 7 11 9
5 7 12 9
5 8 6 11
5 9 11 7
5 9 12 12
5 10 9 12
5 11 8 8
5 11 10 12
5 12 9 9
5 12 9 10
5 12 12 8
6 6 9 8
6 6 11 10
6 7 8 9
6 7 12 8
6 8 7 12
6 9 10 11
6 10 12 9
6 11 8 8
6 11 9 12
6 11 10 7
6 11 11 7
6 12 9 11
6 12 11 11
7 7 10 10
7 7 12 11
7 8 7 10
7 8 9 9
7 8 9 10
7 9 10 9
7 9 11 10
7 12 12 8
8 8 8 10
8 10 8 11
8 11 10 11
9 12 10 12
10 10 11 11
11 12 12 12
