18 4
0 0 1 4
0 0 4 1
0 0 4 4
0 0 5 5
0 1 6 1
0 1 7 1
0 1 7 2
0 1 8 2
0 1 9 2
0 1 11 1
0 1 11 3
0 2 7 2
0 2 8 4
0 2 9 3
0 2 10 1
0 2 10 4
0 2 11 3
0 2 11 4
0 2 11 5
0 3 6 3
0 3 7 1
0 3 7 2
0 3 9 1
0 3 10 3
0 3 11 1
0 3 11 3
0 3 11 5
0 4 7 5
0 4 8 4
0 4 8 5
0 4 9 3
0 4 10 3
0 4 11 5
0 5 6 2
0 5 6 4
0 5 8 4
0 5 8 5
0 5 10 2
0 5 12 2
0 5 12 5
6 6 6 12
6 7 8 8
6 7 8 10
6 7 11 9
6 7 11 10
6 7 12 12
6 8 12 9
6 9 7 9
6 9 10 8
6 9 10 9
6 9 10 11
6 9 11 12
6 9 12 8
6 11 8 12
6 12 7 8
6 12 8 10
6 12 9 7
6 12 11 7
7 9 10 8
7 9 10 11
7 9 11 10
7 10 9 10
7 10 12 9
7 11 7 12
7 11 10 8
7 12 8 8
8 8 8 9
8 10 9 12
8 12 10 12
9 12 10 11
9 12 11 10
10 10 12 11
