20 5
0 0 1 2
0 0 1 3
0 0 1 4
0 0 2 1
0 1 6 5
0 1 7 3
0 1 7 4
0 1 9 1
0 1 10 5
0 1 12 4
0 1 13 2
0 2 6 2
0 2 7 2
0 2 9 5
0 2 10 4
0 2 11 1
0 2 12 4
0 2 14 1
0 2 14 5
0 3 6 3
0 3 8 1
0 3 8 3
0 3 9 4
0 3 10 5
0 3 11 3
0 3 13 2
0 3 13 4
0 3 14 4
0 4 7 2
0 4 7 3
0 4 8 3
0 4 9 1
0 4 11 2
0 4 11 4
0 4 12 1
0 4 12 2
0 4 13 1
0 5 7 2
0 5 8 1
0 5 9 5
0 5 10 5
0 5 11 5
0 5 13 1
0 5 13 3
0 5 13 5
0 5 14 3
6 6 8 11
6 6 10 12
6 7 7 10
6 7 9 13
6 7 10 8
6 8 7 8
6 8 7 11
6 8 7 14
6 8 12 9
6 9 7 8
6 10 11 14
6 10 12 11
6 11 8 7
6 11 9 13
6 11 14 9
6 12 11 13
6 12 13 7
6 13 11 8
6 13 12 10
6 14 9 10
6 14 10 12
6 14 11 10
6 14 12 8
6 14 12 9
6 14 14 14
7 7 12 13
7 8 7 14
7 8 9 8
7 9 13 14
7 9 14 10
7 10 10 11
7 10 11 10
7 10 11 11
7 10 14 14
7 11 10 10
7 13 11 8
7 13 14 8
8 8 9 12
8 8 10 14
8 8 14 13
8 9 12 12
8 13 9 13
8 13 12 12
8 14 13 9
9 9 9 12
9 9 10 12
9 10 12 12
9 11 12 13
9 12 13 10
9 14 13 12
10 11 10 14
11 11 13 14
11 11 14 12
11 13 13 12
