20 4
0 0 2 2
0 0 2 3
0 0 5 1
0 0 5 4
0 1 7 1
0 1 7 2
0 1 7 3
0 1 10 1
0 1 10 2
0 1 10 3
0 1 10 4
0 1 11 3
0 1 11 5
0 2 6 3
0 2 6 4
0 2 7 1
0 2 9 2
0 2 10 5
0 2 13 1
0 2 13 4
0 3 6 3
0 3 6 4
0 3 8 5
0 3 9 3
0 3 11 2
0 3 12 5
0 3 13 1
0 3 13 2
0 3 13 5
0 4 6 4
0 4 6 5
0 4 7 5
0 4 8 3
0 4 9 1
0 4 9 4
0 4 11 1
0 4 12 3
0 4 13 2
0 5 7 2
0 5 7 4
0 5 8 4
0 5 8 5
0 5 9 1
0 5 11 2
6 6 9 12
6 7 7 12
6 7 10 12
6 7 11 10
6 7 12 12
6 8 9 13
6 9 7 8
6 9 8 11
6 9 9 7
6 10 6 12
6 11 8 7
6 11 11 8
6 11 11 12
6 12 10 11
6 13 8 10
6 13 11 10
7 8 7 13
7 8 9 10
7 8 9 12
7 8 11 10
7 12 11 9
7 12 13 9
7 13 9 10
7 13 11 9
8 8 8 13
8 8 9 13
8 10 10 12
8 11 12 10
8 11 13 12
8 12 13 11
8 13 12 12
9 9 9 10
9 9 12 13
9 10 10 12
10 11 13 13
10 12 13 11
