15 14
0 0 1 1
0 0 4 1
0 0 4 4
0 0 5 3
0 1 7 2
0 1 8 4
0 1 9 1
0 1 11 1
0 1 11 5
0 1 13 4
0 1 13 5
0 1 15 4
0 1 18 5
0 1 19 4
0 2 6 2
0 2 9 3
0 2 10 3
0 2 10 5
0 2 14 4
0 2 15 1
0 2 16 2
0 2 17 5
0 2 19 4
0 2 20 2
0 2 20 4
0 3 6 3
0 3 6 4
0 3 8 1
0 3 8 5
0 3 10 3
0 3 11 3
0 3 13 2
0 3 13 3
0 3 13 5
0 3 15 3
0 3 19 2
0 4 6 4
0 4 8 2
0 4 9 1
0 4 9 4
0 4 13 5
0 4 15 2
0 4 16 3
0 4 18 3
0 4 19 2
0 5 7 5
0 5 12 1
0 5 12 3
0 5 14 1
0 5 15 5
0 5 16 1
0 5 17 1
0 5 19 2
0 5 20 2
6 6 20 7
6 7 8 13
6 7 13 14
6 7 16 7
6 7 17 18
6 8 12 11
6 9 13 10
6 9 14 13
6 9 18 19
6 10 12 11
6 10 14 7
6 11 11 19
6 11 14 12
6 12 17 11
6 13 7 14
6 13 9 18
6 13 11 8
6 13 12 20
6 13 14 16
6 13 16 10
6 13 18 18
6 14 7 7
6 14 8 12
6 14 11 18
6 14 17 8
6 15 17 11
6 16 16 11
6 16 20 10
6 16 20 15
6 17 9 14
6 18 7 16
6 18 8 8
6 18 10 9
6 19 6 20
6 19 8 11
6 19 13 12
6 19 20 20
6 20 13 15
6 20 17 7
6 20 18 15
7 7 16 13
7 8 11 19
7 8 14 16
7 8 17 9
7 8 18 10
7 9 10 14
7 9 10 16
7 9 17 9
7 10 7 19
7 10 11 16
7 10 19 13
7 11 9 19
7 12 10 20
7 12 16 17
7 13 14 9
7 13 20 15
7 14 8 10
7 15 12 19
7 15 15 14
7 16 9 15
7 16 10 18
7 16 12 19
7 16 17 12
7 16 20 16
7 17 12 13
7 17 17 20
7 18 19 8
7 18 19 17
7 19 19 11
7 20 8 11
8 8 13 14
8 9 10 10
8 9 10 16
8 9 13 9
8 9 15 15
8 11 9 17
8 11 14 14
8 11 19 17
8 12 12 13
8 12 16 10
8 12 19 9
8 13 14 20
8 13 15 20
8 15 12 9
8 15 20 14
8 17 9 19
8 17 13 9
8 17 18 15
8 17 19 14
8 17 19 19
8 17 20 14
8 18 8 19
8 18 16 16
8 19 15 14
8 19 20 16
9 11 10 18
9 11 12 19
9 12 12 16
9 12 17 11
9 12 19 20
9 12 20 14
9 13 16 18
9 14 19 20
9 15 12 10
9 15 13 12
9 16 13 17
9 16 15 11
9 16 15 18
9 16 18 16
9 17 14 18
9 18 19 18
9 19 18 20
9 20 10 11
10 10 15 12
10 11 10 20
10 11 12 20
10 11 13 12
10 11 17 19
10 11 20 15
10 15 11 18
10 15 17 12
10 15 17 15
10 17 15 15
10 17 15 16
10 18 11 15
10 18 12 20
10 18 20 12
10 19 11 14
10 19 13 12
10 19 14 18
10 20 14 14
10 20 15 20
11 11 16 17
11 12 16 15
11 12 17 17
11 13 20 15
11 16 16 13
11 17 12 18
11 18 14 20
11 18 18 12
11 19 19 12
11 20 15 18
12 12 13 17
12 14 13 13
12 18 16 18
12 18 17 14
12 19 16 13
13 14 17 20
13 15 14 17
13 19 16 15
14 14 18 18
14 14 20 15
14 20 17 15
14 20 17 16
15 16 17 18
17 19 18 20
