19 8
0 0 1 2
0 0 2 5
0 0 3 1
0 0 4 3
0 1 6 3
0 1 8 5
0 1 9 4
0 1 11 2
0 1 13 4
0 1 13 5
0 1 14 1
0 1 14 5
0 1 17 4
0 2 6 4
0 2 8 3
0 2 9 2
0 2 10 3
0 2 11 3
0 2 12 2
0 2 13 1
0 2 14 1
0 2 15 5
0 3 6 5
0 3 7 2
0 3 8 3
0 3 10 2
0 3 13 4
0 3 14 5
0 3 15 1
0 3 17 1
0 3 17 4
0 4 6 1
0 4 9 5
0 4 10 4
0 4 11 1
0 4 11 2
0 4 12 1
0 4 14 2
0 4 17 3
0 4 17 5
0 5 9 1
0 5 10 3
0 5 10 4
0 5 13 4
0 5 14 2
0 5 15 2
0 5 15 5
0 5 16 3
0 5 17 3
0 5 17 4
6 6 8 14
6 6 10 16
6 7 9 8
6 7 16 14
6 8 15 15
6 9 7 8
6 9 14 8
6 9 16 15
6 10 12 7
6 10 17 12
6 11 6 14
6 11 9 15
6 11 10 11
6 11 14 12
6 12 9 15
6 12 11 10
6 12 11 14
6 12 13 13
6 12 14 11
6 13 13 9
6 13 13 16
6 14 12 9
6 14 16 11
6 15 14 8
6 16 8 9
6 16 15 12
6 16 16 14
6 16 17 17
6 17 9 16
6 17 9 17
6 17 11 16
7 8 7 10
7 8 7 12
7 8 8 9
7 8 9 11
7 8 13 15
7 8 16 10
7 8 17 10
7 10 13 17
7 10 15 8
7 10 17 8
7 11 9 11
7 11 13 12
7 11 14 11
7 11 16 16
7 13 8 15
7 13 11 11
7 13 17 10
7 14 7 15
7 14 13 9
7 14 15 14
7 15 8 10
7 15 8 12
7 15 10 16
7 15 13 10
7 15 15 12
7 16 11 12
7 16 12 12
7 17 9 8
7 17 12 15
7 17 16 17
8 8 15 15
8 8 15 16
8 9 10 15
8 10 15 13
8 10 17 10
8 13 10 14
8 13 12 16
8 14 11 13
8 14 11 15
8 15 13 14
8 15 14 9
8 17 10 12
9 9 11 16
9 9 13 12
9 10 16 11
9 10 16 12
9 11 11 16
9 11 12 12
9 11 16 10
9 12 10 11
9 12 11 13
9 14 14 11
9 15 16 12
9 16 15 16
9 17 10 13
9 17 14 17
10 10 12 17
10 11 12 17
10 13 12 17
10 14 12 16
10 16 17 12
10 17 14 15
11 13 12 16
11 17 16 16
12 13 14 13
12 14 15 15
12 15 16 14
13 13 14 15
13 13 14 16
13 13 17 14
13 17 17 16
