20 11
0 0 1 4
0 0 2 5
0 0 3 4
0 0 5 2
0 1 6 1
0 1 6 5
0 1 7 2
0 1 7 4
0 1 8 1
0 1 13 1
0 1 15 2
0 1 16 4
0 1 18 4
0 1 19 4
0 1 20 3
0 2 6 1
0 2 6 2
0 2 8 4
0 2 10 5
0 2 11 2
0 2 12 5
0 2 15 1
0 2 15 3
0 2 15 5
0 2 17 2
0 2 21 4
0 3 8 3
0 3 10 1
0 3 10 2
0 3 11 3
0 3 12 1
0 3 14 2
0 3 14 3
0 3 15 5
0 3 17 1
0 3 19 3
0 3 20 3
0 4 6 3
0 4 7 2
0 4 8 1
0 4 8 5
0 4 14 1
0 4 14 3
0 4 15 4
0 4 16 2
0 4 17 3
0 4 20 5
0 4 21 5
0 5 8 1
0 5 8 2
0 5 8 3
0 5 9 5
0 5 14 4
0 5 17 4
0 5 18 1
0 5 20 3
0 5 21 2
0 5 21 5
6 6 20 21
6 7 12 10
6 7 13 11
6 7 16 7
6 7 20 16
6 7 21 19
6 8 6 16
6 8 7 18
6 9 12 18
6 10 7 17
6 10 9 17
6 10 16 13
6 11 8 20
6 11 12 12
6 12 8 19
6 13 6 16
6 13 12 12
6 13 16 17
6 14 7 13
6 14 12 7
6 14 19 11
6 15 13 15
6 15 15 13
6 16 13 20
6 16 14 14
6 16 17 20
6 17 8 12
6 17 18 13
6 19 9 9
6 19 9 18
6 20 9 21
6 20 12 8
6 20 14 10
6 20 19 12
6 20 21 17
6 21 10 20
7 7 8 13
7 8 11 20
7 9 9 13
7 9 9 18
7 9 16 13
7 10 10 10
7 10 17 13
7 11 12 14
7 11 21 20
7 12 18 12
7 13 8 11
7 13 19 11
7 14 9 12
7 14 11 17
7 15 8 21
7 15 12 10
7 16 8 14
7 16 9 20
7 17 21 21
7 18 11 15
7 18 12 15
7 18 17 13
7 18 17 17
7 19 11 9
7 19 15 14
7 20 15 18
7 20 18 18
7 21 11 16
7 21 14 11
7 21 21 11
8 8 12 16
8 8 19 15
8 10 8 13
8 10 21 16
8 11 19 19
8 12 9 9
8 12 14 10
8 12 19 10
8 13 15 11
8 13 16 13
8 14 14 21
8 14 16 20
8 15 13 19
8 15 17 16
8 16 11 20
8 16 14 11
8 16 17 13
8 16 20 16
8 19 16 12
8 20 19 12
8 21 10 15
8 21 20 20
9 9 10 15
9 9 13 10
9 10 17 17
9 11 18 11
9 11 19 13
9 13 11 18
9 13 14 19
9 14 18 16
9 14 18 20
9 15 11 14
9 15 18 10
9 15 18 19
9 16 14 12
9 16 16 14
9 17 12 10
9 17 14 15
9 17 17 20
9 18 13 17
9 18 14 20
9 18 15 10
9 18 17 18
9 18 19 15
9 19 17 11
9 19 19 19
9 21 11 12
10 10 19 14
10 10 20 17
10 10 21 15
10 11 13 21
10 12 10 20
10 12 12 19
10 14 17 11
10 16 13 19
10 16 17 15
10 17 18 14
10 18 16 21
10 18 19 20
10 19 20 16
10 21 11 21
10 21 16 15
11 11 16 12
11 12 15 12
11 13 17 12
11 17 16 19
11 17 18 18
11 18 13 15
11 18 17 19
11 19 14 20
11 19 21 17
11 20 13 12
11 21 15 19
11 21 19 20
12 13 18 19
12 14 15 20
12 14 20 13
12 15 21 13
12 16 21 21
12 17 14 13
12 19 12 20
13 13 19 16
13 14 19 18
13 14 21 14
13 18 15 18
13 19 18 21
14 16 21 20
14 18 15 18
14 19 21 21
14 20 17 15
15 16 21 16
15 17 19 17
15 17 21 17
15 20 16 18
15 20 17 18
16 21 20 18
