17 16
0 0 2 1
0 0 2 4
0 0 3 1
0 0 4 2
0 1 7 1
0 1 7 3
0 1 9 5
0 1 10 1
0 1 10 2
0 1 11 1
0 1 11 4
0 1 12 5
0 1 14 3
0 1 14 5
0 1 16 2
0 1 21 2
0 1 23 3
0 2 7 1
0 2 8 3
0 2 9 2
0 2 10 4
0 2 11 2
0 2 12 2
0 2 12 4
0 2 13 3
0 2 13 5
0 2 17 5
0 2 23 3
0 3 9 3
0 3 10 4
0 3 11 4
0 3 13 2
0 3 15 4
0 3 16 2
0 3 17 1
0 3 18 5
0 3 20 5
0 3 21 2
0 3 21 5
0 4 6 2
0 4 8 1
0 4 10 3
0 4 11 3
0 4 13 4
0 4 14 1
0 4 18 1
0 4 18 3
0 4 20 4
0 4 21 3
0 4 22 1
0 5 6 5
0 5 7 2
0 5 7 5
0 5 10 4
0 5 11 1
0 5 12 2
0 5 14 3
0 5 14 5
0 5 17 1
0 5 17 5
0 5 21 4
0 5 22 4
6 6 9 23
6 7 8 21
6 7 18 19
6 7 19 22
6 7 23 16
6 7 23 17
6 8 21 8
6 9 10 8
6 9 10 16
6 9 13 7
6 9 13 22
6 9 22 7
6 10 11 14
6 10 22 10
6 11 10 22
6 11 14 12
6 11 20 19
6 11 20 21
6 11 23 10
6 12 10 16
6 12 19 15
6 13 23 17
6 14 8 10
6 14 15 21
6 14 17 13
6 14 19 22
6 14 23 15
6 15 7 12
6 17 16 9
6 17 23 16
6 18 12 17
6 18 18 9
6 19 8 10
6 19 11 12
6 19 14 14
6 19 15 12
6 19 16 22
6 20 7 8
6 20 15 9
6 20 15 19
6 20 17 17
6 21 15 17
6 21 17 23
6 22 11 16
6 22 12 22
6 22 13 10
6 22 16 19
7 7 11 15
7 7 13 18
7 8 14 18
7 8 19 16
7 9 9 20
7 9 14 18
7 9 21 9
7 10 8 11
7 11 21 21
7 11 23 22
7 12 12 12
7 12 13 8
7 12 17 14
7 12 17 16
7 12 20 19
7 13 20 19
7 14 23 17
7 15 13 18
7 16 20 22
7 17 23 15
7 18 17 18
7 19 15 18
7 19 17 9
7 20 9 19
7 20 13 15
7 20 17 15
7 21 21 8
7 22 13 15
7 22 17 22
7 22 21 12
7 23 10 22
7 23 13 11
7 23 16 17
7 23 19 14
8 8 9 22
8 8 11 18
8 8 19 20
8 9 9 23
8 9 10 21
8 9 22 18
8 10 19 20
8 11 8 14
8 11 16 10
8 13 16 21
8 13 20 21
8 13 23 14
8 14 12 11
8 15 9 9
8 15 10 17
8 15 20 16
8 15 22 15
8 16 12 18
8 17 18 22
8 17 22 10
8 18 12 15
8 18 23 16
8 19 9 20
8 19 15 17
8 20 18 12
8 20 22 23
8 21 14 18
8 21 16 15
8 21 18 11
8 22 11 20
8 23 13 23
8 23 20 21
9 9 14 14
9 11 15 21
9 12 20 17
9 13 22 15
9 15 10 10
9 15 13 19
9 16 15 19
9 16 16 12
9 16 20 15
9 16 23 13
9 16 23 23
9 17 10 11
9 17 10 18
9 17 11 17
9 18 13 14
9 18 18 20
9 19 21 22
9 19 22 15
9 20 22 14
9 21 22 13
9 23 10 18
9 23 19 21
10 10 10 22
10 10 18 19
10 11 10 23
10 12 13 12
10 12 20 23
10 14 19 23
10 15 13 19
10 15 17 16
10 16 12 21
10 16 17 13
10 17 10 22
10 17 11 22
10 17 21 15
10 19 15 23
10 19 21 20
10 23 18 12
11 12 17 20
11 13 14 15
11 13 18 18
11 14 14 22
11 16 20 21
11 17 18 13
11 18 16 23
11 18 20 22
11 19 14 20
11 19 18 17
11 20 12 12
11 20 13 17
11 21 13 18
11 21 16 15
11 21 21 14
11 22 15 22
11 22 16 22
11 23 15 16
11 23 20 17
11 23 21 14
12 12 20 14
12 13 22 13
12 13 23 15
12 14 16 16
12 15 15 20
12 15 16 17
12 16 14 19
12 17 15 21
12 18 18 13
12 19 15 23
12 20 13 16
12 20 21 13
12 21 19 14
12 21 19 17
12 23 20 14
13 13 20 14
13 14 19 20
13 14 21 15
13 15 14 19
13 17 17 22
13 18 19 21
13 18 21 20
13 20 13 21
13 20 15 14
14 14 18 17
14 16 18 17
14 18 16 19
14 18 21 19
14 21 23 16
15 18 16 16
15 22 18 23
16 17 19 22
16 18 22 23
16 19 21 19
16 19 21 22
16 20 18 23
16 20 19 20
18 23 19 22
21 23 22 23
