16 5
0 0 1 2
0 0 1 4
0 0 2 1
0 0 2 2
0 1 5 1
0 1 5 3
0 1 7 4
0 1 8 1
0 1 8 3
0 1 10 3
0 1 11 3
0 1 12 2
0 2 5 1
0 2 6 1
0 2 7 1
0 2 7 2
0 2 7 3
0 2 10 3
0 2 10 4
0 2 12 1
0 3 5 2
0 3 5 3
0 3 5 4
0 3 7 4
0 3 8 2
0 3 8 4
0 3 9 2
0 3 10 1
0 3 11 4
0 4 6 1
0 4 8 1
0 4 8 2
0 4 8 3
0 4 9 2
0 4 11 4
0 4 12 2
0 4 12 3
0 4 12 4
5 5 6 6
5 5 10 6
5 6 5 10
5 6 6 6
5 6 8 7
5 6 11 10
5 7 9 10
5 7 11 8
5 8 12 7
5 11 6 12
5 11 8 9
5 11 9 12
5 11 10 9
5 11 11 7
5 11 12 7
5 12 6 9
5 12 10 7
6 6 7 10
6 6 11 9
6 6 12 7
6 7 9 10
6 8 7 8
6 9 8 11
6 9 12 9
6 10 10 11
6 11 9 8
6 12 12 11
7 7 12 10
7 8 11 8
7 9 7 10
7 9 9 8
7 9 10 11
7 11 9 12
7 12 8 9
7 12 10 8
8 8 9 11
8 9 8 12
8 10 12 10
8 11 12 9
9 10 9 12
9 10 10 11
9 10 11 12
