18 18
0 0 1 3
0 0 2 3
0 0 5 1
0 0 5 2
0 1 6 3
0 1 6 4
0 1 7 4
0 1 10 1
0 1 10 2
0 1 11 2
0 1 15 3
0 1 17 4
0 1 18 2
0 1 18 3
0 1 19 1
0 1 24 4
0 1 25 2
0 2 6 4
0 2 10 2
0 2 10 3
0 2 11 1
0 2 11 4
0 2 17 1
0 2 18 2
0 2 18 4
0 2 19 2
0 2 20 5
0 2 21 4
0 2 22 5
0 2 23 2
0 3 6 5
0 3 7 5
0 3 8 2
0 3 8 3
0 3 11 3
0 3 14 1
0 3 14 5
0 3 16 1
0 3 16 5
0 3 19 1
0 3 21 1
0 3 21 3
0 3 21 5
0 3 24 5
0 4 6 4
0 4 8 1
0 4 10 5
0 4 11 4
0 4 13 3
0 4 13 5
0 4 15 2
0 4 15 5
0 4 16 1
0 4 18 2
0 4 18 3
0 4 22 4
0 4 23 1
0 5 6 4
0 5 8 3
0 5 10 2
0 5 11 3
0 5 12 5
0 5 15 4
0 5 15 5
0 5 16 1
0 5 21 1
0 5 21 2
0 5 25 3
6 6 9 21
6 6 12 15
6 6 19 18
6 6 20 17
6 7 7 19
6 8 8 14
6 8 13 7
6 9 13 11
6 9 17 21
6 9 21 24
6 11 11 24
6 11 22 8
6 11 24 24
6 12 8 9
6 12 18 10
6 14 6 24
6 14 13 19
6 15 10 8
6 15 22 18
6 16 12 9
6 17 17 22
6 17 18 21
6 18 9 22
6 18 11 8
6 18 15 23
6 18 20 11
6 19 7 22
6 19 13 12
6 19 25 8
6 20 7 21
6 20 15 10
6 20 17 9
6 20 23 16
6 20 24 18
6 21 14 12
6 22 7 24
6 22 9 9
6 22 9 20
6 22 18 23
6 23 8 23
6 23 13 19
6 23 14 11
6 23 22 16
6 24 23 16
6 25 8 16
7 7 15 23
7 7 16 17
7 8 17 12
7 9 10 22
7 10 8 10
7 10 10 22
7 10 16 21
7 10 24 24
7 11 13 20
7 11 24 9
7 11 24 22
7 13 10 22
7 13 11 8
7 13 11 12
7 14 8 11
7 14 11 21
7 14 25 20
7 15 8 15
7 16 7 25
7 16 24 8
7 17 8 20
7 17 11 10
7 17 12 16
7 17 21 21
7 18 9 17
7 18 17 13
7 19 12 16
7 19 13 13
7 19 14 18
7 19 17 16
7 19 20 17
7 19 25 9
7 20 8 19
7 20 20 10
7 20 24 19
7 21 13 9
7 22 9 14
7 23 12 24
7 23 19 15
7 24 10 23
7 24 15 19
7 24 18 20
7 24 20 18
7 25 15 17
7 25 15 23
8 8 18 13
8 9 25 10
8 10 13 14
8 11 18 22
8 11 20 20
8 11 24 19
8 12 25 9
8 13 9 21
8 13 12 14
8 13 18 24
8 14 8 24
8 14 16 16
8 14 25 21
8 15 24 21
8 15 25 24
8 16 11 10
8 16 18 17
8 16 20 16
8 16 20 18
8 17 10 19
8 17 11 18
8 17 12 13
8 17 24 17
8 18 15 22
8 19 17 15
8 20 11 24
8 20 20 13
8 21 16 16
8 22 16 17
8 23 21 21
8 25 15 17
8 25 18 11
9 9 10 16
9 9 22 18
9 9 22 19
9 10 10 17
9 11 13 19
9 11 16 25
9 11 19 21
9 11 19 23
9 11 22 11
9 12 9 19
9 12 17 15
9 13 14 13
9 14 25 18
9 15 24 25
9 16 17 24
9 16 19 23
9 17 19 23
9 19 12 14
9 19 20 14
9 19 25 13
9 20 14 15
9 20 25 25
9 21 12 17
9 21 13 16
9 21 17 13
9 22 12 22
9 22 14 15
9 23 14 12
9 24 24 10
9 25 11 13
9 25 13 22
9 25 15 22
10 10 21 20
10 10 21 21
10 11 23 20
10 12 14 22
10 13 14 20
10 13 19 24
10 14 22 25
10 15 12 16
10 15 21 12
10 16 15 19
10 16 23 18
10 18 16 13
10 19 15 16
10 19 24 24
10 20 20 25
10 22 12 24
10 22 16 11
10 23 10 24
10 23 13 18
10 23 20 12
10 23 21 16
10 23 21 21
10 24 24 23
11 11 11 24
11 12 14 21
11 14 11 19
11 14 13 14
11 15 12 19
11 15 22 15
11 16 19 12
11 17 21 25
11 20 22 15
11 21 17 16
11 21 21 14
11 22 15 17
11 25 12 13
12 12 23 22
12 13 16 14
12 15 16 22
12 15 22 13
12 15 22 22
12 16 15 23
12 16 24 23
12 17 15 19
12 17 16 18
12 17 17 17
12 17 23 25
12 18 19 25
12 18 25 14
12 19 17 23
12 21 18 23
12 21 19 13
12 23 13 13
12 23 13 24
12 23 15 17
12 23 16 18
12 24 17 25
12 24 19 14
12 25 22 14
13 13 14 20
13 17 25 14
13 17 25 24
13 22 17 14
13 22 18 24
13 23 15 22
13 23 20 21
13 23 21 17
13 25 14 16
13 25 16 20
13 25 24 19
14 14 25 22
14 15 23 18
14 18 23 23
14 19 20 20
14 20 18 15
14 20 21 21
14 21 21 17
14 22 17 15
14 23 16 22
14 23 19 24
14 23 25 16
14 24 15 17
14 25 25 16
15 16 20 22
15 18 20 20
15 19 20 16
15 20 20 23
15 21 22 22
15 21 25 18
15 21 25 20
16 23 18 25
17 24 23 20
18 18 22 25
18 21 22 25
18 24 19 20
18 25 19 25
18 25 21 24
18 25 23 22
18 25 25 19
19 20 23 21
19 24 23 24
20 25 22 21
