19 4
0 0 1 1
0 0 1 2
0 0 1 4
0 0 4 1
0 1 8 1
0 1 8 3
0 1 9 2
0 1 9 3
0 1 10 4
0 1 11 4
0 2 6 1
0 2 6 2
0 2 7 2
0 2 9 4
0 2 10 2
0 2 10 3
0 2 10 5
0 2 11 5
0 2 12 4
0 3 6 1
0 3 7 1
0 3 8 5
0 3 9 4
0 3 11 4
0 3 12 1
0 3 12 2
0 3 12 5
0 4 6 2
0 4 7 3
0 4 8 5
0 4 9 5
0 4 10 1
0 4 11 2
0 4 12 3
0 5 6 3
0 5 7 2
0 5 7 4
0 5 8 1
0 5 8 3
0 5 9 5
0 5 10 3
0 5 10 5
6 6 7 8
6 6 12 10
6 7 8 7
6 7 8 11
6 7 9 7
6 7 11 12
6 8 6 9
6 8 6 10
6 8 8 7
6 8 11 7
6 8 12 12
6 11 9 9
6 11 10 10
6 11 11 10
6 12 8 9
6 12 8 12
6 12 9 11
7 7 9 8
7 7 10 12
7 8 9 10
7 9 7 12
7 9 9 10
7 10 10 12
7 11 9 10
7 11 10 12
7 12 12 11
8 8 11 11
8 9 12 10
8 10 11 9
8 11 9 11
8 11 10 12
8 12 9 9
9 12 10 11
10 12 11 11
