11 6
0 0 1 1
0 0 1 2
0 0 1 3
0 0 2 1
0 1 5 1
0 1 5 3
0 1 7 1
0 1 7 2
0 1 8 1
0 1 10 2
0 1 11 3
0 2 4 3
0 2 5 2
0 2 5 3
0 2 6 2
0 2 7 2
0 2 7 3
0 2 9 1
0 2 10 1
0 2 10 3
0 3 4 1
0 3 4 3
0 3 6 1
0 3 6 2
0 3 6 3
0 3 8 2
0 3 9 3
0 3 10 1
0 3 10 2
0 3 11 2
4 4 11 6
4 4 11 8
4 5 9 8
4 6 8 7
4 7 5 9
4 8 4 10
4 8 9 6
4 8 9 8
4 9 5 8
4 9 6 5
4 9 9 10
4 9 11 7
4 9 11 8
4 10 7 11
4 11 5 10
4 11 8 10
5 5 6 8
5 6 6 8
5 6 10 11
5 7 5 9
5 7 6 7
5 7 7 10
5 7 9 7
5 8 10 6
5 8 10 7
5 9 11 8
5 11 10 7
6 6 6 11
6 6 10 8
6 8 6 9
6 9 7 7
7 8 11 11
7 11 8 11
7 11 10 10
8 10 9 10
9 9 11 11
