14 5
0 0 3 1
0 0 3 3
0 0 3 4
0 0 4 1
0 1 5 2
0 1 6 2
0 1 8 1
0 1 8 4
0 1 9 2
0 1 9 3
0 1 10 1
0 1 10 4
0 1 12 2
0 2 5 3
0 2 7 1
0 2 8 4
0 2 9 3
0 2 9 4
0 2 10 1
0 2 10 2
0 2 11 2
0 2 12 3
0 3 6 4
0 3 7 2
0 3 11 1
0 3 12 3
0 3 12 4
0 4 6 1
0 4 6 3
0 4 7 2
0 4 7 3
0 4 7 4
0 4 8 1
0 4 12 2
5 5 8 6
5 5 9 11
5 5 12 10
5 6 7 9
5 6 10 10
5 6 11 11
5 7 6 10
5 7 7 8
5 7 11 7
5 8 10 12
5 9 7 10
5 9 7 12
5 9 10 11
5 10 10 11
5 10 11 8
5 12 6 11
5 12 8 6
6 6 11 12
6 7 8 11
6 7 12 10
6 8 6 11
6 8 8 7
6 9 12 7
6 10 6 11
6 12 9 9
7 8 11 8
7 8 11 12
7 9 9 11
7 10 8 11
7 10 9 9
8 8 11 11
8 8 12 10
8 9 9 12
9 10 9 11
9 12 10 11
9 12 12 10
