19 18
0 0 1 4
0 0 2 1
0 0 3 3
0 0 4 5
0 1 7 5
0 1 8 4
0 1 9 2
0 1 9 5
0 1 10 5
0 1 15 3
0 1 15 4
0 1 18 3
0 1 19 3
0 1 20 3
0 1 21 2
0 1 21 4
0 1 23 5
0 2 7 1
0 2 7 5
0 2 10 2
0 2 13 1
0 2 15 1
0 2 16 4
0 2 17 3
0 2 17 5
0 2 20 1
0 2 20 5
0 2 21 3
0 2 22 4
0 2 23 4
0 3 6 3
0 3 6 4
0 3 7 4
0 3 9 2
0 3 10 2
0 3 15 1
0 3 16 4
0 3 16 5
0 3 20 2
0 3 24 3
0 3 24 4
0 3 25 1
0 3 25 2
0 4 7 1
0 4 7 2
0 4 10 2
0 4 10 3
0 4 11 1
0 4 11 2
0 4 13 3
0 4 15 1
0 4 16 1
0 4 20 3
0 4 21 2
0 4 25 1
0 4 25 5
0 5 7 3
0 5 11 4
0 5 13 5
0 5 14 4
0 5 14 5
0 5 15 4
0 5 17 1
0 5 17 2
0 5 17 5
0 5 18 1
0 5 18 5
0 5 19 2
0 5 21 2
0 5 22 3
6 6 7 7
6 6 7 16
6 6 8 22
6 6 23 22
6 7 10 21
6 7 14 23
6 8 6 22
6 8 7 18
6 9 9 15
6 9 22 12
6 9 22 19
6 9 25 12
6 10 16 15
6 11 14 18
6 11 15 20
6 11 20 22
6 11 22 10
6 12 10 11
6 12 17 20
6 13 8 17
6 13 20 11
6 13 23 11
6 14 13 9
6 14 18 13
6 14 19 15
6 15 17 8
6 15 20 20
6 15 24 12
6 16 13 11
6 16 18 9
6 16 18 12
6 16 25 8
6 17 25 13
6 18 25 12
6 19 8 15
6 19 17 13
6 19 18 12
6 20 15 22
6 20 16 19
6 21 9 20
6 21 10 7
6 21 11 20
6 21 24 19
6 22 19 22
6 23 12 18
6 23 21 8
6 23 21 17
6 24 9 18
6 25 13 24
6 25 16 25
6 25 24 7
7 7 15 25
7 7 18 14
7 7 21 24
7 7 22 8
7 7 24 15
7 8 24 12
7 9 8 24
7 10 25 18
7 11 13 22
7 12 8 18
7 12 13 23
7 13 11 22
7 13 19 21
7 14 10 10
7 14 18 24
7 14 23 23
7 16 8 10
7 16 16 23
7 17 7 20
7 17 11 18
7 17 11 23
7 17 23 22
7 18 10 20
7 18 10 22
7 18 17 17
7 18 17 23
7 18 17 24
7 19 12 9
7 19 20 23
7 20 22 9
7 20 23 15
7 22 12 12
7 23 16 21
7 24 12 22
7 24 13 13
7 25 14 23
7 25 23 22
8 8 8 19
8 8 12 25
8 9 15 20
8 10 13 24
8 10 18 21
8 11 22 9
8 12 13 13
8 13 8 16
8 13 9 13
8 13 20 13
8 13 21 16
8 14 23 21
8 15 12 16
8 15 13 12
8 15 21 12
8 16 20 22
8 17 14 11
8 18 9 24
8 18 16 14
8 18 18 9
8 19 15 14
8 19 16 24
8 20 15 13
8 20 21 22
8 21 8 23
8 21 10 16
8 21 12 21
8 21 14 13
8 22 14 19
8 22 23 23
8 23 9 12
8 23 10 14
8 23 11 11
8 24 15 14
8 24 17 9
8 24 22 14
8 25 9 10
8 25 9 24
8 25 14 22
9 9 10 15
9 10 14 10
9 11 12 19
9 11 23 25
9 11 25 14
9 13 18 21
9 13 20 22
9 13 20 25
9 13 21 19
9 15 12 18
9 15 13 17
9 15 15 15
9 16 12 19
9 16 25 10
9 17 10 15
9 17 14 10
9 17 23 13
9 18 17 15
9 19 18 16
9 19 18 17
9 19 19 19
9 19 20 15
9 19 24 14
9 19 24 15
9 20 19 21
9 21 22 17
9 22 16 20
9 22 19 16
9 23 10 20
9 23 17 12
9 23 21 19
9 23 23 19
9 24 15 17
10 11 10 15
10 12 15 15
10 12 20 20
10 12 21 16
10 12 25 18
10 13 14 18
10 13 15 19
10 13 22 13
10 14 16 12
10 15 21 24
10 15 23 15
10 16 12 17
10 17 14 20
10 18 18 23
10 19 20 16
10 20 17 20
10 20 18 18
10 20 19 18
10 20 21 17
10 21 24 13
10 22 14 16
10 22 22 25
10 23 12 14
10 24 23 11
10 25 11 11
10 25 14 16
10 25 15 24
10 25 17 21
10 25 18 11
11 11 22 23
11 12 11 19
11 12 17 21
11 12 22 20
11 13 17 16
11 14 21 14
11 14 23 14
11 15 25 20
11 16 14 17
11 17 14 17
11 18 18 24
11 18 24 24
11 19 12 24
11 19 13 12
11 20 18 17
11 20 19 25
11 21 16 13
11 21 19 21
11 21 24 14
11 22 13 14
11 22 18 22
11 23 16 23
11 24 18 15
11 25 16 20
11 25 17 16
11 25 18 19
11 25 25 20
11 25 25 21
12 12 24 15
12 14 25 17
12 16 19 17
12 17 20 24
12 17 21 20
12 17 25 15
12 18 13 17
12 19 21 22
12 19 22 23
12 21 25 22
12 22 13 24
12 22 19 24
12 22 23 22
12 23 13 17
12 24 19 17
12 24 20 18
12 24 22 17
12 25 16 16
13 16 14 21
13 16 20 25
13 19 20 20
13 19 24 18
13 20 21 17
13 21 19 18
13 22 14 22
13 22 19 21
13 25 15 17
13 25 24 17
14 14 16 17
14 14 16 24
14 14 20 22
14 15 14 25
14 15 22 24
14 18 25 25
14 20 21 17
14 21 23 16
14 22 20 25
14 24 24 20
14 25 21 19
15 15 16 23
15 16 18 18
15 16 21 23
15 16 23 23
15 19 18 16
15 23 22 23
16 16 17 24
16 19 19 25
16 19 24 24
16 25 24 20
17 21 22 24
18 18 24 19
18 25 21 21
19 19 23 24
21 23 22 25
21 23 23 24
