11 10
0 0 1 4
0 0 2 1
0 0 3 1
0 0 4 2
0 1 6 2
0 1 6 3
0 1 8 1
0 1 8 4
0 1 9 3
0 1 12 2
0 1 13 3
0 1 15 3
0 1 15 4
0 2 5 1
0 2 5 3
0 2 6 1
0 2 7 4
0 2 8 4
0 2 11 2
0 2 12 1
0 2 14 2
0 2 15 1
0 3 5 1
0 3 5 3
0 3 6 1
0 3 8 4
0 3 9 2
0 3 10 4
0 3 11 3
0 3 13 3
0 4 7 2
0 4 8 2
0 4 10 1
0 4 11 2
0 4 12 4
0 4 13 4
0 4 14 2
0 4 14 3
5 5 6 6
5 5 8 14
5 5 13 12
5 5 14 15
5 6 11 13
5 7 8 10
5 7 9 7
5 7 10 14
5 7 14 8
5 8 6 8
5 8 13 10
5 8 15 14
5 9 6 7
5 9 11 6
5 9 13 13
5 9 14 8
5 10 10 14
5 10 13 7
5 11 15 9
5 13 9 7
5 14 14 9
5 15 9 11
6 6 11 10
6 7 9 14
6 7 12 12
6 7 15 10
6 8 10 15
6 8 11 7
6 8 11 11
6 9 9 10
6 10 10 12
6 11 13 8
6 12 8 15
6 12 10 8
6 13 8 15
6 13 12 12
6 13 13 14
6 13 14 10
6 14 11 12
6 14 13 11
6 14 15 11
7 7 7 14
7 7 9 12
7 8 14 9
7 9 12 10
7 11 15 14
7 12 7 13
7 12 9 15
7 12 10 9
7 12 12 10
7 13 15 12
7 14 13 9
7 14 15 15
8 8 11 15
8 9 11 10
8 9 13 11
8 11 14 10
8 14 13 12
8 15 13 12
8 15 13 15
8 15 15 9
9 10 13 12
9 11 11 15
9 12 11 14
9 12 14 14
9 13 13 11
9 15 11 11
9 15 13 10
10 10 10 11
10 11 10 12
10 12 12 11
10 15 11 15
