17 7
0 0 3 2
0 0 3 4
0 0 4 1
0 0 4 3
0 1 6 2
0 1 6 3
0 1 7 4
0 1 8 3
0 1 8 4
0 1 9 1
0 1 10 1
0 1 10 2
0 1 13 1
0 1 14 3
0 1 15 1
0 2 6 4
0 2 7 3
0 2 7 4
0 2 8 1
0 2 8 4
0 2 11 2
0 2 11 3
0 2 13 2
0 2 13 4
0 2 14 4
0 2 15 3
0 3 6 2
0 3 6 4
0 3 8 2
0 3 10 1
0 3 12 3
0 3 12 4
0 3 13 2
0 3 15 1
0 3 15 2
0 4 5 1
0 4 5 3
0 4 6 4
0 4 7 2
0 4 8 1
0 4 8 3
0 4 11 1
0 4 11 2
0 4 14 3
5 5 6 8
5 5 8 15
5 5 9 6
5 5 10 13
5 5 15 14
5 6 7 12
5 6 8 6
5 6 9 9
5 7 14 11
5 7 15 9
5 8 12 6
5 9 7 11
5 9 14 10
5 10 7 13
5 10 9 12
5 10 14 10
5 11 7 11
5 12 9 13
5 12 10 14
5 12 13 13
5 13 7 12
5 14 7 9
5 14 10 8
5 14 11 14
5 14 14 9
6 6 14 15
6 7 6 9
6 7 12 10
6 8 8 15
6 8 14 15
6 9 9 9
6 9 13 12
6 10 7 11
6 11 8 14
6 12 7 10
6 12 8 7
6 12 15 10
6 13 13 15
6 13 14 9
6 13 15 8
6 13 15 15
6 14 14 13
7 7 7 11
7 7 12 13
7 8 10 12
7 9 14 9
7 11 9 9
7 11 15 11
7 12 10 11
7 13 12 11
7 14 9 11
7 14 14 10
7 15 9 13
7 15 13 15
8 8 13 11
8 8 14 10
8 8 15 11
8 8 15 12
8 10 10 10
8 11 15 15
8 12 9 10
8 14 9 9
8 14 14 9
9 11 9 14
9 11 13 15
9 12 12 11
9 13 10 15
10 10 15 12
10 11 13 12
10 12 11 12
10 14 12 11
10 15 12 13
11 11 15 12
11 13 15 12
13 13 13 15
