17 10
0 0 2 1
0 0 2 2
0 0 3 5
0 0 5 5
0 1 6 3
0 1 7 4
0 1 9 5
0 1 12 1
0 1 13 2
0 1 15 2
0 1 16 2
0 1 16 4
0 1 17 1
0 1 18 1
0 2 7 3
0 2 11 2
0 2 11 4
0 2 14 2
0 2 14 5
0 2 15 1
0 2 16 5
0 2 18 5
0 3 8 2
0 3 11 4
0 3 12 2
0 3 14 1
0 3 15 3
0 3 16 1
0 3 16 5
0 3 17 1
0 3 18 3
0 4 6 1
0 4 7 3
0 4 8 3
0 4 8 4
0 4 9 4
0 4 16 3
0 4 16 4
0 4 17 3
0 4 18 2
0 4 18 3
0 5 6 3
0 5 6 5
0 5 9 5
0 5 13 4
0 5 14 5
0 5 15 1
0 5 15 4
0 5 17 2
0 5 17 4
6 6 10 16
6 6 14 12
6 7 6 11
6 7 7 10
6 7 9 7
6 7 10 12
6 7 13 18
6 7 15 8
6 7 15 10
6 7 18 7
6 8 6 10
6 8 6 13
6 8 8 16
6 9 14 11
6 9 17 14
6 10 7 18
6 11 11 16
6 11 13 7
6 11 14 13
6 11 14 17
6 12 6 18
6 12 11 12
6 13 7 11
6 13 12 15
6 14 13 16
6 14 15 16
6 15 15 18
6 16 9 18
6 17 8 8
6 17 8 17
6 17 10 8
6 18 14 9
7 7 16 11
7 8 9 16
7 8 12 9
7 8 13 16
7 8 18 18
7 9 11 12
7 9 16 8
7 9 16 17
7 9 17 18
7 9 18 13
7 11 8 10
7 11 12 10
7 11 16 10
7 11 17 12
7 12 14 14
7 13 12 9
7 13 13 10
7 13 18 14
7 14 10 15
7 14 16 15
7 15 8 15
7 15 11 12
7 17 15 15
7 18 8 15
8 8 11 15
8 8 15 17
8 9 8 11
8 9 13 14
8 10 9 12
8 11 9 18
8 11 15 15
8 12 17 17
8 13 13 16
8 13 14 13
8 14 10 10
8 14 12 14
8 15 15 16
8 16 18 13
8 17 10 14
8 17 13 13
8 18 10 11
8 18 12 12
8 18 15 13
9 10 18 11
9 11 17 10
9 12 9 14
9 13 12 11
9 13 12 17
9 14 10 10
9 14 11 10
9 15 15 12
9 15 15 17
9 15 17 10
9 16 10 13
9 16 12 11
9 16 16 13
9 17 11 17
9 17 15 17
9 17 15 18
9 17 17 13
9 18 11 16
9 18 16 15
10 10 12 13
10 10 16 13
10 11 17 18
10 12 12 14
10 12 16 18
10 13 11 16
10 13 14 18
10 13 18 18
10 14 11 12
10 14 12 18
10 15 14 11
10 16 17 15
10 16 17 18
10 18 14 14
11 11 12 13
11 12 16 12
11 14 18 14
11 15 12 13
12 12 17 17
12 16 15 17
12 17 14 17
12 17 18 18
13 13 18 15
13 14 15 16
13 16 14 16
14 14 18 16
