16 13
0 0 2 3
0 0 2 5
0 0 4 4
0 0 5 1
0 1 6 2
0 1 7 2
0 1 10 3
0 1 12 1
0 1 13 1
0 1 14 4
0 1 14 5
0 1 15 3
0 1 15 4
0 1 18 2
0 1 19 4
0 2 7 2
0 2 8 2
0 2 8 5
0 2 9 1
0 2 9 5
0 2 15 5
0 2 18 4
0 2 20 1
0 2 20 4
0 3 6 2
0 3 8 1
0 3 8 4
0 3 12 3
0 3 13 1
0 3 13 3
0 3 14 2
0 3 15 5
0 3 19 2
0 3 19 4
0 3 19 5
0 4 7 2
0 4 8 3
0 4 11 1
0 4 12 5
0 4 16 1
0 4 17 3
0 4 17 4
0 4 18 2
0 4 18 3
0 4 20 3
0 5 6 1
0 5 7 3
0 5 7 4
0 5 7 5
0 5 9 1
0 5 11 2
0 5 11 5
0 5 17 3
0 5 17 4
6 6 8 9
6 7 16 11
6 8 10 13
6 8 11 8
6 8 15 17
6 8 20 12
6 9 12 13
6 9 14 20
6 9 15 16
6 9 16 13
6 9 17 13
6 9 18 13
6 10 14 9
6 10 14 15
6 10 16 7
6 10 17 15
6 11 8 7
6 11 8 11
6 11 15 10
6 11 17 10
6 11 19 7
6 12 9 12
6 12 20 13
6 13 9 19
6 13 10 10
6 13 12 14
6 13 18 14
6 13 19 8
6 14 9 17
6 15 8 18
6 15 12 9
6 15 14 7
6 15 18 11
6 16 10 13
6 16 19 12
6 16 20 9
6 17 7 19
6 18 7 8
6 18 17 8
6 18 20 9
6 19 7 11
6 19 17 19
7 7 8 14
7 7 20 19
7 8 8 16
7 8 15 14
7 9 8 19
7 9 9 10
7 9 13 16
7 9 20 15
7 10 16 15
7 11 12 13
7 12 16 17
7 12 18 18
7 13 12 16
7 13 16 10
7 14 11 8
7 14 12 16
7 14 13 15
7 15 12 15
7 15 13 16
7 15 14 16
7 15 17 12
7 16 11 10
7 16 19 19
7 17 10 20
7 17 13 14
7 17 19 18
7 18 19 14
7 19 8 20
7 19 20 14
7 20 13 13
8 8 10 15
8 9 10 15
8 10 17 15
8 12 16 13
8 15 11 13
8 15 11 14
8 16 16 18
8 16 17 19
8 17 10 20
8 18 12 9
8 18 12 12
8 18 14 20
8 18 18 11
8 18 20 18
8 19 20 19
8 20 9 20
8 20 10 14
8 20 16 20
8 20 17 10
8 20 18 9
8 20 18 19
9 9 11 17
9 11 9 13
9 11 20 11
9 12 11 11
9 12 11 12
9 14 11 16
9 14 17 16
9 15 12 17
9 16 9 18
9 16 15 12
9 16 15 13
9 16 18 15
9 17 16 14
9 19 10 14
9 19 15 10
10 10 17 18
10 11 10 16
10 11 12 14
10 11 14 17
10 11 16 12
10 12 16 13
10 12 19 20
10 13 15 14
10 14 17 16
10 15 12 11
10 17 11 12
10 17 17 17
10 18 15 20
10 18 17 14
10 19 17 17
10 19 18 15
10 20 11 18
10 20 19 13
11 11 16 12
11 12 18 13
11 13 11 20
11 14 14 19
11 14 18 20
11 18 17 12
11 19 13 15
11 20 13 17
12 12 20 17
12 16 16 18
12 17 19 15
12 18 19 16
12 19 14 13
12 19 19 16
12 19 20 16
13 13 15 17
13 18 14 17
13 19 13 20
13 19 15 16
13 19 19 19
13 20 18 20
14 14 14 20
14 17 14 18
14 19 17 17
14 20 15 15
14 20 18 20
15 16 20 18
15 18 16 18
