17 4
0 0 1 5
0 0 2 5
0 0 4 1
0 0 4 2
0 1 7 1
0 1 7 2
0 1 7 3
0 1 8 3
0 1 9 5
0 1 11 4
0 1 12 1
0 2 8 5
0 2 9 4
0 2 10 2
0 2 10 4
0 2 11 1
0 2 11 3
0 2 11 5
0 3 6 3
0 3 7 1
0 3 10 1
0 3 10 2
0 3 10 3
0 3 10 4
0 3 11 2
0 3 12 2
0 4 6 1
0 4 8 3
0 4 8 5
0 4 9 4
0 4 12 3
0 5 6 2
0 5 6 4
0 5 6 5
0 5 7 1
0 5 9 2
0 5 11 3
0 5 11 4
6 6 8 12
6 7 9 8
6 7 11 8
6 7 12 9
6 8 7 11
6 8 10 7
6 9 8 9
6 9 8 10
6 9 9 11
6 9 11 11
6 10 7 7
6 10 10 7
6 10 12 9
6 11 9 12
6 12 8 8
6 12 10 12
7 7 11 10
7 7 12 10
7 8 8 12
7 9 8 12
7 10 8 11
7 10 11 10
7 11 8 12
8 8 12 11
8 10 11 11
8 10 12 12
9 9 9 12
9 10 9 12
9 11 12 12
9 12 10 11
