16 14
0 0 1 3
0 0 1 4
0 0 4 5
0 0 5 3
0 1 7 1
0 1 7 3
0 1 10 3
0 1 14 2
0 1 17 4
0 1 19 1
0 1 20 1
0 1 20 4
0 1 20 5
0 1 21 4
0 2 6 2
0 2 7 3
0 2 9 2
0 2 11 5
0 2 12 1
0 2 14 2
0 2 14 4
0 2 15 1
0 2 16 3
0 2 16 4
0 2 21 1
0 3 7 1
0 3 7 5
0 3 8 2
0 3 9 2
0 3 10 1
0 3 12 1
0 3 12 2
0 3 14 5
0 3 16 5
0 3 19 1
0 3 21 2
0 4 6 4
0 4 9 4
0 4 12 4
0 4 12 5
0 4 13 3
0 4 18 2
0 4 18 5
0 4 19 3
0 4 20 1
0 4 20 3
0 5 6 3
0 5 7 5
0 5 10 5
0 5 11 4
0 5 13 4
0 5 14 2
0 5 15 3
0 5 16 2
0 5 17 5
0 5 18 1
6 6 12 17
6 6 13 11
6 7 7 10
6 7 17 9
6 7 20 11
6 7 21 20
6 8 9 11
6 8 13 21
6 8 15 15
6 9 10 16
6 9 14 9
6 11 11 20
6 11 16 12
6 11 20 12
6 12 6 19
6 12 8 13
6 12 8 17
6 12 12 14
6 13 6 14
6 13 9 13
6 13 19 19
6 14 12 8
6 14 13 8
6 14 13 17
6 14 17 16
6 14 19 12
6 15 7 7
6 15 13 19
6 17 14 8
6 17 16 7
6 18 6 21
6 18 13 14
6 18 17 9
6 20 8 17
6 20 19 8
6 21 7 18
6 21 8 18
6 21 19 19
7 7 8 15
7 7 13 19
7 7 15 8
7 7 15 21
7 7 16 8
7 8 17 20
7 9 11 14
7 9 16 9
7 9 21 20
7 10 14 19
7 10 19 8
7 10 20 18
7 11 8 20
7 11 10 18
7 12 15 15
7 13 12 8
7 15 13 15
7 17 8 8
7 17 11 18
7 18 17 11
7 19 15 16
7 20 10 16
7 20 16 14
7 21 15 14
7 21 17 21
7 21 21 11
8 9 14 19
8 9 15 18
8 10 10 9
8 10 14 13
8 10 18 16
8 10 20 21
8 11 10 15
8 11 13 16
8 12 15 18
8 12 17 19
8 13 11 17
8 13 21 19
8 14 9 18
8 15 18 19
8 16 10 17
8 16 12 12
8 16 13 18
8 16 15 9
8 16 21 12
8 17 14 15
8 17 18 12
8 18 9 14
8 18 21 20
8 19 12 9
8 21 18 19
9 9 20 17
9 10 10 16
9 10 13 21
9 10 16 11
9 10 17 15
9 11 13 13
9 12 21 20
9 13 14 20
9 13 15 13
9 14 11 11
9 14 17 15
9 14 18 19
9 15 13 15
9 15 15 10
9 16 10 11
9 16 14 19
9 17 10 21
9 19 20 15
9 19 21 21
9 20 11 20
9 20 20 14
9 21 11 12
9 21 12 12
9 21 21 18
10 10 10 12
10 10 10 13
10 10 19 16
10 11 17 15
10 13 10 21
10 13 20 19
10 14 11 20
10 14 12 14
10 14 19 21
10 15 14 21
10 15 19 16
10 15 21 19
10 16 13 20
10 17 18 15
10 19 20 18
11 11 11 20
11 11 19 15
11 12 19 12
11 13 16 21
11 13 19 17
11 14 15 12
11 14 17 14
11 15 18 17
11 16 16 21
11 16 17 13
11 16 17 15
11 17 15 19
11 18 16 13
11 19 16 16
11 20 21 21
11 21 17 18
12 12 17 16
12 13 15 19
12 15 18 18
12 18 15 13
12 18 18 17
12 19 17 16
12 19 17 18
12 19 20 20
12 20 13 13
12 20 14 16
12 20 20 18
12 21 14 19
13 13 17 15
13 14 15 14
13 14 19 21
13 18 15 17
13 18 20 18
14 14 20 17
14 16 21 17
15 16 16 19
16 16 17 21
16 18 21 18
17 20 20 18
18 19 18 20
