16 15
0 0 2 5
0 0 3 1
0 0 4 2
0 0 5 2
0 1 7 3
0 1 8 2
0 1 9 2
0 1 9 4
0 1 10 1
0 1 11 3
0 1 12 2
0 1 12 3
0 1 16 2
0 1 17 1
0 1 17 3
0 1 21 1
0 2 6 2
0 2 6 5
0 2 7 4
0 2 8 5
0 2 12 3
0 2 15 2
0 2 16 1
0 2 18 1
0 2 19 1
0 2 19 4
0 2 20 4
0 3 7 2
0 3 7 3
0 3 7 5
0 3 12 5
0 3 14 4
0 3 15 3
0 3 17 1
0 3 17 5
0 3 18 5
0 3 19 1
0 3 22 5
0 4 6 5
0 4 7 2
0 4 9 3
0 4 9 4
0 4 9 5
0 4 11 4
0 4 14 3
0 4 20 3
0 4 20 4
0 4 21 1
0 5 6 5
0 5 9 1
0 5 10 3
0 5 10 4
0 5 11 4
0 5 13 2
0 5 16 4
0 5 17 3
0 5 19 1
0 5 22 2
6 6 17 14
6 6 20 19
6 6 21 21
6 7 11 16
6 7 16 13
6 8 14 19
6 8 21 13
6 9 7 7
6 9 12 11
6 10 21 14
6 11 9 20
6 11 16 12
6 11 20 9
6 12 11 21
6 12 21 15
6 14 15 12
6 15 6 18
6 15 12 15
6 15 13 21
6 16 7 21
6 16 8 14
6 16 10 12
6 16 13 17
6 16 20 18
6 16 21 8
6 17 22 14
6 18 19 7
6 19 19 15
6 20 8 9
6 21 8 8
6 21 14 22
6 21 15 8
6 21 16 21
6 21 17 20
6 21 18 14
6 22 7 14
6 22 11 14
6 22 19 18
7 7 10 16
7 7 21 19
7 8 10 9
7 8 22 10
7 9 12 8
7 9 14 11
7 9 20 13
7 10 8 20
7 11 10 14
7 11 22 9
7 11 22 12
7 11 22 13
7 12 16 11
7 13 18 13
7 13 18 21
7 14 22 12
7 15 10 11
7 15 11 22
7 15 22 15
7 16 16 8
7 17 8 15
7 17 16 13
7 17 19 19
7 19 8 16
7 19 9 22
7 19 13 21
7 19 17 17
7 19 21 14
7 20 12 14
7 20 16 11
7 21 11 10
8 8 17 17
8 9 21 13
8 10 13 9
8 10 17 10
8 11 21 17
8 12 11 11
8 12 13 17
8 12 19 10
8 13 10 16
8 13 15 13
8 13 15 14
8 13 21 11
8 14 18 19
8 15 18 18
8 15 20 18
8 17 9 10
8 17 18 9
8 18 8 22
8 18 9 12
8 18 12 14
8 18 17 10
8 18 21 9
8 20 12 11
8 20 14 18
8 20 20 11
8 22 12 18
8 22 14 12
9 9 14 22
9 9 20 19
9 10 20 12
9 10 21 12
9 10 22 17
9 11 22 13
9 13 14 21
9 13 15 20
9 13 16 17
9 13 16 19
9 14 13 11
9 15 14 19
9 16 19 12
9 17 18 19
9 18 15 12
9 18 15 15
9 18 16 18
9 18 17 14
9 21 12 13
9 21 12 22
9 22 14 19
10 10 12 20
10 11 10 13
10 11 12 12
10 12 19 12
10 13 15 15
10 14 13 15
10 14 16 21
10 14 20 22
10 15 11 17
10 16 15 19
10 16 16 20
10 16 22 18
10 17 13 11
10 18 11 15
10 18 11 19
10 18 13 14
10 18 13 15
10 18 17 12
10 21 17 20
10 22 14 20
10 22 20 14
10 22 22 17
11 14 11 20
11 14 13 22
11 15 16 19
11 16 16 15
11 17 13 17
11 18 13 20
11 19 14 15
11 19 19 22
11 21 13 18
11 21 13 20
11 22 19 15
12 14 19 20
12 14 20 15
12 14 21 18
12 16 22 14
12 17 16 17
12 17 17 16
12 20 18 15
12 21 17 22
12 22 20 20
12 22 22 20
13 14 19 20
13 15 20 17
13 16 15 16
13 17 20 22
13 18 20 18
13 19 17 20
13 19 21 18
13 21 15 21
14 18 21 16
14 19 14 20
14 22 21 18
15 15 17 21
15 19 17 16
15 20 18 18
15 22 19 20
15 22 20 19
16 16 19 22
16 17 18 21
16 17 22 22
16 18 19 22
16 22 19 21
17 20 19 21
