14 12
0 0 2 2
0 0 2 4
0 0 3 1
0 0 4 3
0 1 5 4
0 1 6 2
0 1 8 1
0 1 9 4
0 1 11 2
0 1 12 1
0 1 14 1
0 1 14 2
0 1 15 4
0 1 16 3
0 1 17 2
0 1 17 4
0 2 10 4
0 2 11 3
0 2 11 4
0 2 12 1
0 2 13 1
0 2 14 2
0 2 15 1
0 2 15 3
0 2 16 2
0 2 16 3
0 3 7 2
0 3 8 2
0 3 8 4
0 3 9 2
0 3 9 4
0 3 10 3
0 3 12 3
0 3 14 2
0 3 15 1
0 3 15 4
0 3 17 1
0 4 5 1
0 4 5 2
0 4 6 4
0 4 8 1
0 4 8 3
0 4 9 1
0 4 9 3
0 4 12 3
0 4 14 4
0 4 15 3
0 4 17 3
5 5 6 6
5 5 8 6
5 5 8 17
5 5 9 8
5 5 9 9
5 5 14 13
5 6 6 6
5 6 13 16
5 6 16 6
5 6 17 10
5 6 17 14
5 7 8 16
5 7 10 12
5 9 9 17
5 9 16 14
5 10 7 11
5 11 12 11
5 11 16 8
5 12 9 12
5 12 14 10
5 12 17 7
5 13 8 12
5 13 11 9
5 14 6 11
5 14 10 9
5 14 13 12
5 15 15 11
5 15 17 11
5 16 10 13
5 16 17 13
5 16 17 16
5 17 6 10
5 17 14 7
6 6 6 14
6 6 7 8
6 7 15 15
6 8 17 13
6 9 10 8
6 9 15 16
6 10 7 15
6 10 10 9
6 10 10 15
6 10 12 16
6 11 7 7
6 12 7 12
6 12 13 9
6 12 14 10
6 12 14 17
6 13 7 17
6 13 12 8
6 13 16 9
6 13 17 11
6 13 17 17
6 14 7 11
6 14 15 13
6 15 10 17
6 15 13 9
7 7 14 10
7 7 16 11
7 8 16 12
7 9 11 15
7 10 10 14
7 10 11 14
7 11 13 9
7 12 9 8
7 12 14 17
7 12 16 9
7 13 9 9
7 13 10 11
7 13 11 10
7 14 16 17
7 15 11 14
7 15 14 14
7 15 14 15
7 15 14 17
7 16 10 9
7 16 14 15
7 16 15 17
7 16 16 10
7 17 8 12
7 17 8 16
8 8 15 14
8 9 9 10
8 10 9 13
8 10 13 15
8 10 16 11
8 10 17 12
8 10 17 15
8 11 11 9
8 11 14 13
8 11 15 14
8 11 16 13
8 12 10 16
8 12 12 13
8 12 13 15
8 14 9 9
8 15 9 11
8 15 15 10
8 16 11 9
8 17 17 12
8 17 17 13
9 11 11 16
9 11 13 14
9 12 11 10
9 16 13 13
9 17 12 15
10 12 13 11
10 12 15 13
10 15 12 12
10 16 13 17
10 16 17 14
11 13 11 16
11 13 15 12
11 15 17 13
11 16 12 14
11 16 13 16
12 17 13 15
12 17 14 16
13 16 16 14
14 15 14 17
