18 7
0 0 1 3
0 0 2 5
0 0 3 1
0 0 3 2
0 1 7 2
0 1 7 3
0 1 8 1
0 1 9 3
0 1 9 4
0 1 10 3
0 1 12 1
0 1 13 4
0 1 16 1
0 2 6 1
0 2 6 5
0 2 8 2
0 2 10 2
0 2 13 4
0 2 14 2
0 2 15 5
0 2 16 3
0 3 7 5
0 3 8 1
0 3 8 5
0 3 10 2
0 3 11 4
0 3 13 1
0 3 16 5
0 4 8 2
0 4 10 1
0 4 10 4
0 4 11 2
0 4 12 5
0 4 13 1
0 4 15 3
0 4 15 4
0 4 16 1
0 5 6 3
0 5 6 4
0 5 8 2
0 5 10 4
0 5 11 3
0 5 12 3
0 5 13 5
0 5 14 4
0 5 16 5
6 6 8 16
6 6 10 14
6 6 11 10
6 7 7 7
6 8 10 15
6 8 11 15
6 9 6 13
6 9 7 9
6 9 10 7
6 9 10 13
6 9 11 8
6 9 13 7
6 9 14 8
6 9 14 13
6 9 16 7
6 10 6 12
6 10 7 12
6 11 6 14
6 11 11 13
6 13 7 13
6 13 14 11
6 13 16 12
6 14 16 16
6 16 7 15
7 7 14 11
7 8 11 13
7 8 16 10
7 9 10 8
7 9 11 12
7 10 13 12
7 11 12 13
7 11 13 11
7 11 16 11
7 12 13 13
7 13 12 8
7 13 14 13
7 13 15 12
7 14 12 15
7 14 13 14
7 15 10 15
7 15 16 10
7 16 8 10
7 16 8 15
7 16 16 8
8 8 16 12
8 9 16 15
8 10 8 11
8 10 16 10
8 11 10 11
8 11 16 9
8 12 9 10
8 12 9 12
8 12 10 14
8 12 16 10
8 14 12 11
8 15 9 13
8 16 14 14
8 16 15 15
9 9 13 15
9 9 15 16
9 9 16 11
9 10 10 15
9 11 10 12
9 11 13 15
9 12 12 10
9 12 15 10
9 13 12 14
9 14 10 15
9 14 12 12
9 15 14 15
10 12 16 14
10 15 15 11
11 13 11 15
11 14 14 14
11 14 15 14
11 15 14 12
12 15 14 16
12 15 16 14
12 16 14 13
13 14 16 15
