20 6
0 0 1 5
0 0 2 2
0 0 3 1
0 0 3 4
0 1 6 3
0 1 7 1
0 1 7 2
0 1 10 5
0 1 11 2
0 1 11 5
0 1 12 1
0 1 15 2
0 1 16 4
0 2 10 3
0 2 10 4
0 2 12 1
0 2 12 2
0 2 12 5
0 2 14 5
0 2 15 4
0 2 16 2
0 2 16 5
0 3 8 5
0 3 9 3
0 3 12 3
0 3 13 3
0 3 15 3
0 3 16 1
0 3 16 4
0 3 16 5
0 4 6 2
0 4 7 1
0 4 8 1
0 4 10 1
0 4 12 3
0 4 14 2
0 4 14 3
0 4 16 2
0 4 16 4
0 5 8 5
0 5 9 3
0 5 9 4
0 5 11 1
0 5 11 2
0 5 11 4
0 5 12 1
0 5 13 4
0 5 14 3
6 6 9 11
6 6 14 13
6 7 6 10
6 7 6 14
6 7 11 15
6 7 12 15
6 8 6 10
6 8 15 9
6 8 16 8
6 9 10 8
6 10 8 14
6 11 14 9
6 11 16 13
6 12 7 13
6 12 8 10
6 12 9 7
6 12 11 9
6 13 12 8
6 13 14 13
6 14 14 8
6 14 14 10
6 15 12 14
6 15 13 11
6 16 9 9
6 16 10 12
7 7 7 8
7 7 9 9
7 7 10 9
7 8 8 14
7 8 9 13
7 9 16 11
7 10 8 14
7 10 9 15
7 10 16 11
7 11 13 16
7 12 15 15
7 13 11 8
7 13 15 11
7 14 15 9
7 14 16 12
7 15 9 13
7 16 14 12
8 8 15 15
8 9 12 10
8 9 13 11
8 10 13 12
8 10 14 11
8 10 16 15
8 11 11 16
8 13 11 9
8 13 14 14
8 13 15 11
8 13 15 15
9 10 15 10
9 11 9 16
9 11 12 13
9 12 16 16
9 15 14 15
9 16 13 12
9 16 13 14
10 10 14 13
10 11 13 15
10 12 12 15
10 13 15 11
10 13 16 14
10 15 15 12
10 16 14 12
10 16 15 11
11 11 12 13
11 14 12 15
12 14 16 16
13 14 13 16
