19 6
0 0 2 1
0 0 2 4
0 0 3 4
0 0 4 3
0 1 9 5
0 1 10 1
0 1 10 2
0 1 12 2
0 1 12 3
0 1 13 3
0 1 13 4
0 1 14 1
0 1 14 3
0 1 15 5
0 2 6 3
0 2 8 5
0 2 11 5
0 2 12 4
0 2 12 5
0 2 14 3
0 2 15 4
0 3 6 4
0 3 6 5
0 3 7 2
0 3 8 3
0 3 11 3
0 3 11 4
0 3 12 5
0 3 13 5
0 4 6 2
0 4 7 2
0 4 7 5
0 4 10 1
0 4 11 1
0 4 12 1
0 4 14 2
0 4 15 4
0 5 7 1
0 5 7 2
0 5 8 1
0 5 10 2
0 5 11 3
0 5 12 1
0 5 13 1
0 5 14 2
0 5 15 4
6 6 8 9
6 6 8 11
6 6 15 12
6 7 10 12
6 7 11 15
6 7 15 11
6 8 6 10
6 8 7 9
6 8 12 10
6 8 13 7
6 9 6 15
6 10 10 12
6 10 14 11
6 10 15 7
6 10 15 9
6 11 12 15
6 12 10 13
6 12 14 15
6 13 7 12
6 14 14 11
6 15 7 9
6 15 9 7
6 15 10 11
7 7 8 15
7 8 13 9
7 8 14 14
7 9 15 14
7 10 7 11
7 10 11 13
7 11 8 8
7 11 10 14
7 12 13 14
7 13 8 11
7 13 8 14
7 13 13 11
7 13 14 13
7 14 10 14
7 14 11 12
7 15 13 13
8 8 9 11
8 8 11 9
8 8 13 10
8 9 13 13
8 10 9 14
8 10 10 9
8 11 12 12
8 11 15 11
8 12 11 10
8 12 13 9
8 14 9 14
8 14 12 11
8 14 12 15
9 9 9 11
9 9 15 10
9 9 15 12
9 10 9 14
9 10 11 11
9 10 14 12
9 10 14 15
9 10 15 15
9 12 12 12
9 14 13 11
9 15 12 10
10 13 13 13
10 15 12 11
11 14 14 13
12 13 12 15
13 13 15 15
