19 5
0 0 2 5
0 0 3 2
0 0 4 5
0 0 5 3
0 1 8 1
0 1 8 3
0 1 9 4
0 1 10 3
0 1 10 4
0 1 11 1
0 1 12 3
0 1 12 4
0 1 14 1
0 2 6 1
0 2 6 2
0 2 7 1
0 2 8 5
0 2 9 1
0 2 12 4
0 2 13 3
0 2 13 5
0 3 6 2
0 3 6 5
0 3 7 5
0 3 8 2
0 3 9 3
0 3 10 4
0 3 11 5
0 3 14 4
0 4 6 3
0 4 7 2
0 4 9 2
0 4 10 1
0 4 10 2
0 4 11 4
0 4 13 3
0 4 14 4
0 5 8 1
0 5 8 4
0 5 9 1
0 5 9 2
0 5 9 3
0 5 12 5
0 5 13 2
6 6 7 9
6 6 7 11
6 6 8 10
6 6 13 10
6 7 7 10
6 7 8 12
6 7 9 10
6 7 11 12
6 7 12 14
6 9 6 12
6 9 12 10
6 11 11 10
6 11 11 11
6 12 11 12
6 12 12 10
6 12 13 14
6 13 7 7
6 14 13 10
7 7 13 9
7 7 14 13
7 8 9 8
7 8 10 8
7 10 13 8
7 10 13 10
7 10 13 11
7 11 7 14
7 11 11 8
7 12 13 12
7 13 13 9
7 13 14 9
8 8 9 14
8 8 10 9
8 9 8 14
8 10 9 12
8 11 9 9
8 11 12 10
8 11 13 12
8 13 11 13
8 14 9 9
8 14 14 10
8 14 14 14
9 9 14 13
9 12 10 10
9 12 14 10
9 12 14 13
10 11 13 11
10 13 13 11
10 14 14 11
11 12 12 13
11 12 14 14
11 14 12 14
