17 17
0 0 1 1
0 0 2 2
0 0 3 4
0 0 5 5
0 1 6 1
0 1 7 4
0 1 11 3
0 1 11 4
0 1 12 1
0 1 15 2
0 1 16 5
0 1 17 5
0 1 19 2
0 1 21 2
0 1 21 3
0 1 21 4
0 2 9 5
0 2 10 4
0 2 12 2
0 2 13 1
0 2 13 4
0 2 14 3
0 2 19 3
0 2 19 4
0 2 19 5
0 2 21 1
0 2 22 1
0 2 22 4
0 3 6 1
0 3 9 2
0 3 9 3
0 3 11 5
0 3 12 4
0 3 14 4
0 3 15 1
0 3 16 2
0 3 16 3
0 3 17 1
0 3 18 3
0 3 20 2
0 4 6 5
0 4 7 5
0 4 8 5
0 4 9 3
0 4 10 2
0 4 11 2
0 4 13 5
0 4 15 1
0 4 15 4
0 4 16 3
0 4 17 1
0 4 17 5
0 4 21 3
0 5 7 2
0 5 7 3
0 5 8 2
0 5 14 1
0 5 14 3
0 5 15 4
0 5 16 4
0 5 18 2
0 5 18 5
0 5 23 1
0 5 23 3
6 6 6 9
6 6 7 12
6 6 9 8
6 6 14 8
6 7 6 13
6 8 9 22
6 8 14 11
6 9 8 22
6 9 23 19
6 10 6 14
6 10 23 12
6 11 7 13
6 11 8 21
6 11 8 22
6 11 21 21
6 12 9 11
6 12 11 7
6 12 15 14
6 12 17 11
6 12 17 13
6 12 22 16
6 13 8 12
6 14 6 15
6 14 16 12
6 14 21 20
6 15 13 18
6 15 22 21
6 16 9 9
6 16 9 12
6 17 14 15
6 18 15 10
6 19 7 15
6 19 17 17
6 19 17 21
6 19 22 16
6 20 16 11
6 20 18 17
6 20 18 23
6 21 14 19
6 22 19 18
6 23 8 10
6 23 19 20
6 23 19 21
7 7 11 13
7 7 16 10
7 8 9 8
7 9 9 17
7 9 11 18
7 9 15 21
7 9 18 22
7 9 19 11
7 10 9 18
7 10 13 19
7 10 18 13
7 10 18 18
7 14 7 22
7 14 16 8
7 14 21 13
7 16 18 14
7 17 8 18
7 17 8 21
7 17 12 20
7 17 14 22
7 17 17 23
7 17 22 12
7 18 7 22
7 18 13 13
7 19 11 14
7 19 21 17
7 20 8 21
7 20 10 21
7 20 15 16
7 20 15 19
7 20 17 21
7 20 21 20
7 21 7 23
7 21 22 21
7 22 9 8
7 22 9 11
7 22 19 8
7 22 19 16
7 23 15 22
7 23 21 16
8 8 8 9
8 9 21 23
8 9 23 10
8 10 18 14
8 10 22 20
8 11 14 11
8 12 11 16
8 13 12 23
8 13 16 18
8 13 23 15
8 14 16 10
8 15 12 12
8 15 15 14
8 15 17 10
8 15 20 17
8 16 22 22
8 17 12 19
8 18 10 16
8 18 13 10
8 18 14 17
8 18 17 14
8 18 20 13
8 18 23 17
8 19 20 23
8 20 9 19
8 20 11 9
8 20 11 11
8 20 23 11
8 21 10 12
8 22 23 23
8 23 12 16
8 23 19 15
8 23 20 14
9 9 18 14
9 9 22 23
9 10 10 11
9 10 11 12
9 10 18 23
9 10 22 13
9 11 9 14
9 11 16 17
9 12 21 20
9 13 9 20
9 15 17 18
9 16 20 20
9 17 12 10
9 17 14 13
9 17 17 17
9 18 17 13
9 18 23 15
9 19 17 19
9 20 11 12
9 21 16 12
9 23 13 15
9 23 16 14
10 12 16 17
10 12 18 23
10 12 23 20
10 13 18 19
10 13 22 16
10 14 10 22
10 14 11 18
10 14 14 16
10 14 15 16
10 15 11 15
10 15 11 16
10 15 11 21
10 15 17 18
10 15 21 15
10 16 21 19
10 17 12 19
10 18 14 21
10 19 14 22
10 19 20 22
10 20 16 21
10 20 19 15
10 20 23 14
10 21 13 12
10 21 14 13
10 21 23 13
10 22 12 23
10 22 13 13
11 11 15 17
11 11 19 20
11 13 22 20
11 14 13 23
11 14 14 14
11 14 22 22
11 15 22 15
11 15 23 19
11 16 20 15
11 16 23 21
11 18 16 13
11 18 17 14
11 18 19 16
11 19 12 16
11 19 13 21
11 21 16 15
11 22 19 21
11 23 16 20
12 12 20 22
12 15 16 13
12 15 19 16
12 15 22 14
12 16 23 13
12 17 13 20
12 17 23 21
12 18 22 22
12 18 23 20
12 19 18 18
12 19 21 16
12 19 22 18
12 19 22 20
12 21 15 20
12 22 16 14
12 23 13 15
12 23 14 13
12 23 20 17
13 13 19 19
13 14 16 21
13 15 18 20
13 17 22 22
13 17 23 23
13 18 19 16
13 19 19 15
13 19 19 18
13 20 17 16
13 20 23 15
13 21 20 17
13 23 17 16
13 23 20 15
14 14 17 16
14 18 20 23
14 22 17 19
14 22 20 21
15 16 19 21
15 21 15 23
15 22 21 22
16 17 22 20
16 21 23 18
17 18 18 21
17 20 22 18
