12 7
0 0 1 2
0 0 1 3
0 0 3 4
0 0 4 2
0 1 5 3
0 1 6 1
0 1 7 2
0 1 8 1
0 1 8 4
0 1 11 1
0 1 13 2
0 2 5 1
0 2 5 3
0 2 6 1
0 2 9 1
0 2 9 4
0 2 10 2
0 2 10 4
0 2 13 1
0 2 13 2
0 3 6 3
0 3 9 4
0 3 10 2
0 3 11 3
0 3 11 4
0 3 12 3
0 3 13 1
0 4 7 4
0 4 9 2
0 4 10 3
0 4 10 4
0 4 11 3
0 4 12 1
0 4 13 2
5 5 11 6
5 6 9 13
5 6 10 10
5 6 11 12
5 6 13 12
5 8 5 9
5 8 5 10
5 8 5 11
5 8 6 9
5 8 9 6
5 8 9 7
5 9 7 7
5 9 7 10
5 9 10 6
5 9 11 7
5 10 6 10
5 11 8 13
5 13 8 12
5 13 12 9
6 6 6 11
6 6 10 7
6 7 9 13
6 7 11 7
6 8 11 8
6 8 11 9
6 8 12 8
6 11 7 12
6 12 7 9
6 12 8 12
6 13 7 12
7 8 13 10
7 9 13 10
7 10 7 12
7 10 11 9
7 11 7 12
7 11 11 11
7 11 12 11
7 12 11 8
7 13 8 13
7 13 12 12
8 8 11 10
8 10 12 13
8 12 10 9
8 12 10 12
8 13 10 9
8 13 11 13
9 9 10 13
9 11 10 11
9 12 9 13
10 12 10 13
