15 7
0 0 1 2
0 0 1 4
0 0 3 2
0 0 4 4
0 1 7 1
0 1 7 3
0 1 7 4
0 1 9 2
0 1 11 1
0 1 12 2
0 1 13 1
0 1 14 3
0 2 7 2
0 2 8 4
0 2 9 1
0 2 10 1
0 2 11 1
0 2 11 4
0 2 12 4
0 2 13 1
0 2 13 2
0 2 14 3
0 3 5 1
0 3 6 3
0 3 7 3
0 3 9 3
0 3 12 3
0 3 12 4
0 3 13 3
0 3 14 1
0 3 14 3
0 4 5 4
0 4 6 2
0 4 6 4
0 4 8 2
0 4 9 2
0 4 10 2
0 4 11 4
0 4 12 1
0 4 14 3
5 5 6 10
5 5 13 9
5 6 5 12
5 6 5 13
5 6 6 8
5 7 5 14
5 7 9 13
5 7 11 12
5 8 6 8
5 8 8 9
5 8 10 8
5 8 10 14
5 9 7 14
5 9 12 13
5 9 14 8
5 11 6 6
5 11 8 13
5 11 9 6
5 12 8 10
5 12 9 12
5 12 11 10
5 12 14 10
5 13 8 10
6 6 6 10
6 6 10 11
6 7 11 12
6 7 13 8
6 10 13 14
6 11 13 11
6 12 9 10
6 12 11 9
6 13 6 14
6 13 9 14
6 14 9 10
6 14 9 11
6 14 12 9
6 14 13 8
7 7 8 10
7 7 11 8
7 7 13 10
7 7 14 9
7 8 11 10
7 8 12 11
7 9 8 14
7 10 8 9
7 11 10 9
7 12 9 11
7 12 11 11
7 12 12 11
7 12 14 14
7 14 13 8
7 14 14 12
8 8 12 13
8 8 13 9
8 11 10 9
8 11 13 9
8 11 13 12
9 9 10 10
9 10 14 10
9 13 12 14
10 10 13 13
10 10 14 13
10 11 11 12
10 13 13 12
11 11 14 12
