13 10
0 0 1 2
0 0 2 4
0 0 3 2
0 0 3 3
0 1 5 1
0 1 6 1
0 1 7 1
0 1 7 4
0 1 9 3
0 1 11 3
0 1 12 4
0 1 13 4
0 1 14 3
0 1 16 1
0 2 5 1
0 2 8 3
0 2 9 1
0 2 10 2
0 2 11 2
0 2 11 4
0 2 13 2
0 2 15 1
0 2 15 4
0 2 16 2
0 3 5 1
0 3 9 2
0 3 10 2
0 3 11 2
0 3 12 1
0 3 12 3
0 3 13 1
0 3 15 4
0 4 5 2
0 4 5 4
0 4 6 2
0 4 6 3
0 4 8 3
0 4 12 3
0 4 13 3
0 4 13 4
0 4 16 1
0 4 16 4
5 5 8 10
5 5 9 6
5 5 9 16
5 5 10 14
5 5 14 15
5 5 15 13
5 6 5 10
5 6 6 15
5 6 15 14
5 7 13 9
5 8 5 10
5 8 12 6
5 8 14 7
5 10 9 7
5 10 15 11
5 11 14 14
5 13 10 13
5 14 6 13
5 15 6 6
5 15 9 13
5 16 16 14
6 6 7 15
6 6 16 14
6 7 8 11
6 8 9 10
6 8 11 13
6 9 16 14
6 10 15 7
6 11 7 8
6 11 8 9
6 11 9 13
6 13 12 7
6 14 8 16
6 14 11 8
6 14 15 7
6 14 16 12
6 15 7 8
6 15 9 16
6 16 10 7
6 16 10 12
6 16 11 12
7 7 7 12
7 7 12 13
7 9 8 13
7 9 8 16
7 10 13 15
7 11 8 11
7 11 10 13
7 11 12 14
7 12 10 12
7 12 14 9
7 12 14 10
7 13 9 15
7 14 12 14
7 14 13 9
7 14 13 14
7 16 10 11
7 16 11 11
7 16 15 8
8 8 12 10
8 9 13 12
8 9 16 11
8 10 11 14
8 11 9 16
8 11 16 16
8 12 9 9
8 12 9 10
8 12 9 13
8 12 13 9
8 14 11 14
8 15 12 10
8 16 11 9
9 10 12 14
9 11 16 15
9 12 15 15
9 13 15 12
9 15 16 13
10 10 12 16
10 10 15 16
10 12 12 13
10 15 13 14
10 15 14 13
10 15 14 15
10 16 11 15
11 12 16 16
11 13 11 15
11 13 13 14
12 14 15 16
