15 4
0 0 1 4
0 0 2 1
0 0 2 3
0 0 3 1
0 1 5 3
0 1 5 4
0 1 7 2
0 1 7 4
0 1 8 1
0 1 8 2
0 1 9 2
0 1 10 2
0 2 6 4
0 2 7 2
0 2 8 1
0 2 8 2
0 2 9 4
0 2 10 2
0 2 10 3
0 3 5 4
0 3 6 1
0 3 6 4
0 3 7 3
0 3 7 4
0 3 8 3
0 3 9 1
0 4 5 2
0 4 5 3
0 4 7 1
0 4 9 1
0 4 9 3
0 4 10 1
0 4 10 2
0 4 10 3
5 5 7 9
5 5 8 9
5 7 9 6
5 7 9 9
5 7 10 7
5 8 6 8
5 8 7 6
5 8 10 6
5 9 5 10
5 9 6 6
5 9 8 9
5 9 10 8
5 10 6 7
5 10 8 9
5 10 8 10
5 10 9 8
6 6 7 10
6 6 8 9
6 7 6 8
6 7 10 7
6 7 10 8
6 8 7 7
6 8 8 9
6 9 10 9
6 10 7 9
7 8 10 10
