19 12
0 0 1 5
0 0 3 2
0 0 3 4
0 0 4 4
0 1 7 1
0 1 7 4
0 1 10 1
0 1 12 2
0 1 12 3
0 1 13 3
0 1 15 4
0 1 16 3
0 1 17 3
0 1 18 2
0 1 20 3
0 2 6 1
0 2 6 5
0 2 9 4
0 2 11 3
0 2 13 1
0 2 14 4
0 2 15 1
0 2 16 3
0 2 17 1
0 2 19 2
0 2 20 3
0 2 21 1
0 3 10 2
0 3 11 4
0 3 11 5
0 3 13 3
0 3 14 2
0 3 15 1
0 3 16 3
0 3 18 4
0 3 19 5
0 3 20 2
0 4 6 5
0 4 11 4
0 4 11 5
0 4 13 1
0 4 14 2
0 4 14 4
0 4 16 5
0 4 18 1
0 4 19 2
0 4 21 5
0 5 9 2
0 5 9 4
0 5 10 5
0 5 12 2
0 5 14 2
0 5 15 5
0 5 17 1
0 5 17 3
0 5 17 5
0 5 19 3
0 5 20 1
6 6 12 16
6 6 13 10
6 6 20 9
6 7 14 10
6 7 19 9
6 8 10 8
6 8 15 12
6 9 10 21
6 9 11 13
6 9 16 19
6 10 12 18
6 10 12 21
6 11 10 14
6 11 12 19
6 11 13 14
6 11 21 18
6 12 8 12
6 13 11 8
6 13 16 18
6 14 6 18
6 14 17 8
6 15 15 14
6 15 15 21
6 15 20 17
6 16 7 15
6 16 16 20
6 17 11 18
6 17 15 16
6 17 18 16
6 17 19 16
6 18 12 11
6 18 13 17
6 18 14 19
6 18 16 17
6 19 8 15
6 19 18 18
6 20 9 8
6 20 13 8
6 20 17 19
7 7 7 13
7 7 13 8
7 7 17 21
7 7 21 11
7 8 18 21
7 8 20 8
7 9 13 18
7 9 17 13
7 9 19 8
7 10 17 11
7 11 11 18
7 11 12 13
7 11 15 19
7 11 18 13
7 11 20 11
7 12 17 15
7 14 9 8
7 14 9 19
7 14 10 21
7 15 8 20
7 15 10 11
7 15 14 14
7 16 10 21
7 16 16 10
7 16 18 13
7 17 8 21
7 17 16 9
7 18 12 19
7 18 13 17
7 19 13 12
7 19 20 15
7 20 14 10
7 20 14 19
7 21 12 17
7 21 17 9
7 21 21 17
8 8 9 13
8 8 12 10
8 8 15 19
8 10 8 16
8 10 8 19
8 10 15 19
8 10 17 18
8 10 20 17
8 12 10 12
8 12 11 16
8 12 21 9
8 13 18 16
8 13 20 19
8 13 20 20
8 15 21 20
8 16 13 10
8 16 18 13
8 17 16 14
8 18 10 19
8 18 11 12
8 19 19 16
8 20 14 13
8 21 11 15
8 21 19 18
9 9 13 16
9 9 13 17
9 10 15 20
9 10 18 11
9 11 15 14
9 11 17 15
9 13 21 14
9 14 11 12
9 14 15 15
9 14 16 20
9 15 20 16
9 16 12 17
9 16 21 10
9 17 14 17
9 17 16 14
9 17 20 15
9 18 12 14
9 18 15 13
9 18 15 15
9 19 21 11
9 20 12 12
9 20 12 16
9 20 16 19
9 20 18 12
9 21 12 12
9 21 21 13
10 10 10 15
10 10 16 13
10 12 18 21
10 14 18 20
10 15 12 17
10 16 17 15
10 17 14 21
10 18 12 18
10 18 21 14
10 19 18 13
10 19 19 18
10 20 11 13
10 20 11 16
10 20 11 19
10 21 14 17
11 12 11 16
11 14 14 20
11 14 19 13
11 15 11 19
11 16 14 18
11 16 20 12
11 18 12 16
11 20 17 13
11 21 15 19
11 21 21 18
12 12 14 14
12 13 12 16
12 15 21 17
12 18 14 20
12 18 19 14
12 19 19 17
12 21 19 13
13 14 19 21
13 15 16 14
13 15 20 17
13 17 19 21
13 18 20 20
13 19 14 15
13 19 15 15
14 17 21 16
14 19 16 17
15 19 20 17
15 21 16 20
20 20 21 21
20 21 21 21
