10 7
0 0 1 1
0 0 2 2
0 0 3 2
0 0 3 3
0 1 4 3
0 1 5 2
0 1 6 2
0 1 6 3
0 1 7 1
0 1 8 3
0 1 9 1
0 1 10 3
0 1 11 3
0 2 4 2
0 2 5 1
0 2 6 1
0 2 6 2
0 2 8 1
0 2 8 3
0 2 10 2
0 2 11 1
0 2 11 2
0 3 5 1
0 3 6 3
0 3 8 1
0 3 8 2
0 3 9 3
0 3 10 2
0 3 10 3
0 3 11 1
4 4 7 9
4 4 7 10
4 5 6 5
4 5 9 6
4 6 5 7
4 6 8 10
4 6 10 6
4 7 5 10
4 7 6 5
4 7 11 11
4 8 4 11
4 8 5 7
4 8 9 9
4 9 6 11
4 9 7 8
4 9 9 11
4 9 10 10
4 11 5 7
4 11 7 8
5 5 5 11
5 5 6 10
5 5 11 7
5 6 9 10
5 6 10 7
5 7 10 8
5 9 8 9
5 9 9 8
5 11 8 11
6 6 7 7
6 7 6 8
6 8 11 10
6 10 9 8
6 10 11 9
6 11 8 8
7 7 10 9
7 8 8 10
7 9 7 11
7 10 10 8
7 11 11 9
8 11 9 10
