16 4
0 0 1 1
0 0 1 2
0 0 4 1
0 0 4 4
0 1 5 1
0 1 5 2
0 1 6 3
0 1 7 3
0 1 8 2
0 1 8 3
0 1 9 2
0 2 5 4
0 2 6 2
0 2 6 3
0 2 6 4
0 2 7 1
0 2 9 1
0 2 10 2
0 2 10 4
0 2 11 4
0 3 5 2
0 3 5 3
0 3 6 3
0 3 6 4
0 3 8 1
0 3 8 3
0 3 8 4
0 3 9 4
0 3 10 1
0 4 5 1
0 4 6 3
0 4 6 4
0 4 7 1
0 4 7 2
0 4 11 2
0 4 11 3
5 5 9 7
5 5 9 8
5 6 5 8
5 6 10 11
5 6 11 6
5 8 7 10
5 8 10 6
5 8 10 11
5 9 7 7
5 9 8 8
5 10 7 10
5 10 9 11
5 10 11 7
6 6 9 8
6 6 9 11
6 6 10 10
6 7 9 11
6 7 10 8
6 8 11 8
7 7 9 11
7 8 7 11
7 9 9 8
7 9 11 10
7 11 10 8
7 11 11 10
8 9 9 10
9 10 9 11
9 11 11 10
