13 11
0 0 3 1
0 0 3 2
0 0 4 2
0 0 4 4
0 1 5 1
0 1 6 3
0 1 8 1
0 1 8 2
0 1 10 2
0 1 11 1
0 1 11 3
0 1 11 4
0 1 13 2
0 1 13 4
0 1 16 2
0 2 5 3
0 2 6 2
0 2 6 3
0 2 9 4
0 2 10 3
0 2 12 1
0 2 12 4
0 2 13 3
0 2 14 2
0 2 15 4
0 2 16 4
0 3 7 1
0 3 8 1
0 3 8 3
0 3 8 4
0 3 10 4
0 3 12 1
0 3 13 3
0 3 14 2
0 3 16 1
0 4 6 1
0 4 6 3
0 4 8 1
0 4 9 2
0 4 9 3
0 4 10 4
0 4 14 2
0 4 14 4
0 4 15 3
5 5 5 10
5 5 15 14
5 5 16 15
5 6 8 9
5 6 8 13
5 6 12 6
5 7 9 7
5 7 9 11
5 7 13 8
5 7 14 14
5 7 15 8
5 7 15 16
5 7 16 9
5 8 16 6
5 9 8 12
5 9 12 12
5 10 7 6
5 10 11 11
5 10 16 14
5 11 16 9
5 12 5 16
5 12 8 12
5 12 14 8
5 13 11 9
5 13 13 8
5 14 15 9
5 15 5 16
5 15 14 10
5 16 12 9
5 16 16 10
6 6 12 13
6 7 7 8
6 7 13 8
6 7 14 10
6 9 9 11
6 9 11 16
6 9 13 14
6 10 8 7
6 10 15 15
6 11 9 9
6 11 10 14
6 11 15 13
6 12 8 14
6 12 12 12
6 13 6 15
6 13 13 16
6 14 10 9
6 15 7 11
6 15 13 16
6 15 14 14
6 16 8 10
6 16 9 16
6 16 10 10
6 16 12 12
6 16 14 10
7 7 7 12
7 7 12 9
7 9 14 11
7 11 11 14
7 11 12 14
7 11 13 14
7 11 14 12
7 12 14 10
7 13 9 15
7 13 10 8
7 14 8 13
7 14 12 8
7 14 12 11
7 14 13 14
7 16 9 9
7 16 13 8
7 16 16 15
8 9 13 15
8 10 8 13
8 10 16 15
8 11 9 9
8 13 13 12
8 13 13 16
8 15 9 16
8 15 12 15
8 15 13 12
8 15 14 15
8 16 12 11
9 10 12 11
9 10 13 10
9 11 14 15
9 11 15 10
9 11 15 13
9 15 16 11
10 10 15 13
10 11 12 11
10 12 13 11
10 13 11 14
10 14 11 11
10 15 12 16
10 16 12 15
10 16 16 15
11 15 12 13
11 15 14 14
