15 5
0 0 1 3
0 0 2 4
0 0 3 2
0 0 4 2
0 1 5 1
0 1 7 1
0 1 7 4
0 1 8 1
0 1 9 4
0 1 11 1
0 1 11 4
0 1 12 3
0 2 5 4
0 2 6 3
0 2 8 2
0 2 9 1
0 2 9 3
0 2 10 4
0 2 12 3
0 2 12 4
0 3 5 2
0 3 6 2
0 3 7 1
0 3 7 4
0 3 10 2
0 3 10 3
0 3 12 1
0 3 12 2
0 4 6 1
0 4 6 2
0 4 6 3
0 4 7 3
0 4 8 1
0 4 8 3
0 4 10 2
0 4 12 4
5 5 7 6
5 5 8 10
5 6 6 11
5 6 7 9
5 7 7 6
5 7 10 11
5 8 5 10
5 8 11 12
5 9 6 12
5 9 9 6
5 9 10 9
5 9 10 10
5 10 6 11
5 10 12 8
5 11 9 6
5 11 9 10
5 12 9 12
5 12 10 9
6 7 6 11
6 7 7 11
6 8 8 8
6 8 8 11
6 8 9 9
6 8 11 9
6 9 12 8
6 10 9 8
6 12 10 11
7 7 9 12
7 7 11 8
7 8 8 10
7 11 8 9
7 11 9 10
7 11 10 10
7 12 10 8
7 12 10 9
7 12 12 8
8 10 9 12
10 11 11 11
11 11 12 12
