16 8
0 0 1 3
0 0 2 3
0 0 2 4
0 0 3 2
0 1 5 1
0 1 7 1
0 1 7 2
0 1 7 4
0 1 9 1
0 1 10 4
0 1 11 1
0 1 11 3
0 1 14 2
0 1 14 3
0 2 5 4
0 2 7 1
0 2 7 2
0 2 8 4
0 2 9 3
0 2 10 4
0 2 14 3
0 2 15 2
0 2 15 4
0 3 6 4
0 3 7 1
0 3 8 4
0 3 10 3
0 3 11 1
0 3 12 1
0 3 13 1
0 3 13 3
0 3 15 2
0 3 15 3
0 4 7 2
0 4 8 2
0 4 9 4
0 4 10 1
0 4 11 2
0 4 11 3
0 4 12 1
0 4 12 2
0 4 13 2
0 4 15 3
0 4 15 4
5 5 7 15
5 5 9 15
5 5 10 12
5 6 7 7
5 6 10 15
5 6 11 11
5 6 14 6
5 6 15 7
5 7 5 8
5 7 8 9
5 7 10 13
5 7 11 12
5 8 5 13
5 8 7 11
5 9 6 7
5 9 6 8
5 9 9 6
5 9 14 8
5 9 14 14
5 10 5 11
5 10 7 15
5 10 11 10
5 11 13 12
5 11 13 14
5 12 14 13
5 12 14 14
5 14 14 13
5 15 9 15
6 6 7 14
6 6 8 11
6 6 13 9
6 6 15 7
6 8 11 14
6 8 13 8
6 9 7 9
6 9 9 12
6 10 11 13
6 10 11 14
6 10 11 15
6 12 8 13
6 12 10 10
6 13 13 10
6 13 15 7
6 14 12 8
6 14 12 13
6 14 14 9
6 15 10 13
6 15 11 15
7 8 11 13
7 9 8 15
7 9 11 9
7 10 10 14
7 10 13 10
7 11 7 15
7 11 13 8
7 12 14 15
7 14 12 8
7 15 10 14
7 15 13 9
8 8 10 13
8 9 8 14
8 9 10 9
8 9 13 12
8 9 13 14
8 10 11 10
8 11 10 15
8 11 12 11
8 11 12 15
8 12 15 13
8 12 15 14
8 13 10 15
8 15 12 14
9 10 9 13
9 10 12 12
9 11 14 10
9 12 12 15
9 12 13 13
9 15 13 14
10 12 12 12
10 14 15 13
11 11 11 12
11 11 12 13
12 13 14 14
12 14 12 15
