14 6
0 0 1 2
0 0 3 4
0 0 4 2
0 0 4 3
0 1 5 2
0 1 5 3
0 1 6 1
0 1 6 3
0 1 6 4
0 1 7 4
0 1 8 1
0 1 13 4
0 2 5 2
0 2 5 3
0 2 7 1
0 2 7 2
0 2 7 3
0 2 10 1
0 2 10 4
0 2 11 3
0 2 13 1
0 3 6 2
0 3 6 4
0 3 7 1
0 3 8 2
0 3 8 4
0 3 11 4
0 3 13 1
0 3 13 2
0 4 6 4
0 4 9 3
0 4 10 1
0 4 11 1
0 4 11 3
0 4 12 2
0 4 12 3
5 5 12 6
5 6 6 6
5 6 9 11
5 7 13 8
5 8 7 11
5 8 8 12
5 8 10 13
5 9 7 7
5 9 11 13
5 9 12 12
5 10 9 6
5 11 9 12
5 11 11 13
5 11 13 10
5 12 8 12
5 12 9 13
5 12 10 11
5 12 11 11
5 13 9 10
5 13 10 10
5 13 12 9
6 6 7 7
6 6 10 8
6 7 6 13
6 8 9 12
6 9 8 9
6 10 12 8
6 10 12 11
6 12 11 7
6 12 11 10
6 13 9 8
6 13 10 10
7 7 7 8
7 7 8 12
7 7 9 11
7 9 10 10
7 10 9 8
7 10 9 10
7 11 13 13
7 12 8 8
7 13 11 8
8 10 13 12
8 11 9 10
8 11 11 11
8 12 9 9
8 12 13 13
8 13 9 9
9 13 10 12
