17 8
0 0 1 2
0 0 2 1
0 0 2 3
0 0 3 1
0 1 5 2
0 1 7 3
0 1 8 2
0 1 9 1
0 1 9 3
0 1 9 4
0 1 13 3
0 1 13 4
0 1 14 2
0 1 15 2
0 1 16 4
0 2 5 4
0 2 6 1
0 2 6 2
0 2 7 3
0 2 8 1
0 2 8 3
0 2 11 4
0 2 13 4
0 2 16 3
0 2 16 4
0 3 5 4
0 3 6 1
0 3 10 1
0 3 10 2
0 3 10 4
0 3 12 2
0 3 12 4
0 3 14 1
0 3 14 2
0 3 14 3
0 4 6 3
0 4 6 4
0 4 10 1
0 4 10 2
0 4 11 2
0 4 14 1
0 4 14 3
0 4 15 1
0 4 15 2
0 4 15 3
0 4 16 1
5 5 5 13
5 5 15 13
5 6 8 16
5 6 11 10
5 7 6 13
5 7 11 9
5 8 5 12
5 8 10 15
5 8 12 8
5 8 12 13
5 8 12 16
5 9 8 12
5 9 9 13
5 9 14 7
5 10 7 13
5 10 7 15
5 10 13 11
5 11 16 9
5 12 6 12
5 12 7 8
5 12 13 6
5 14 8 14
5 14 13 12
5 15 11 13
5 15 15 8
5 16 11 9
5 16 13 7
6 7 8 10
6 7 10 8
6 7 11 13
6 8 14 8
6 8 14 10
6 9 6 11
6 9 7 9
6 9 10 10
6 11 9 15
6 11 10 16
6 11 13 14
6 11 13 15
6 12 7 16
6 12 8 7
6 12 10 9
6 12 14 15
6 14 12 13
6 14 14 14
6 15 11 8
6 15 13 9
6 16 11 14
6 16 16 8
6 16 16 13
7 7 10 11
7 8 8 10
7 8 11 15
7 8 13 13
7 9 12 11
7 9 13 16
7 9 15 11
7 9 15 14
7 10 10 8
7 10 15 8
7 11 12 14
7 11 14 12
7 15 9 10
7 15 10 11
7 15 10 13
7 15 15 8
7 16 10 9
7 16 10 12
8 10 10 13
8 12 9 9
8 12 11 14
8 12 13 10
8 16 13 11
9 9 12 13
9 11 12 11
9 11 16 14
9 12 14 10
9 13 10 14
9 14 15 12
9 15 12 13
9 15 16 11
10 12 16 13
10 16 16 14
11 11 12 13
11 14 16 14
11 15 12 15
11 16 16 15
12 16 15 15
12 16 16 14
13 13 14 16
