18 14
0 0 2 2
0 0 4 3
0 0 5 3
0 0 5 4
0 1 6 1
0 1 8 2
0 1 9 1
0 1 10 4
0 1 10 5
0 1 13 1
0 1 14 4
0 1 15 1
0 1 16 3
0 1 17 1
0 1 17 4
0 1 20 5
0 2 8 4
0 2 9 1
0 2 11 3
0 2 14 5
0 2 16 1
0 2 16 5
0 2 17 1
0 2 20 4
0 2 20 5
0 2 21 4
0 2 22 2
0 3 6 3
0 3 8 2
0 3 8 4
0 3 9 2
0 3 10 2
0 3 10 4
0 3 11 5
0 3 12 3
0 3 13 1
0 3 14 4
0 3 15 2
0 3 17 5
0 4 6 3
0 4 7 3
0 4 12 5
0 4 13 3
0 4 14 3
0 4 15 3
0 4 17 1
0 4 18 2
0 4 20 5
0 4 21 5
0 4 22 3
0 5 6 2
0 5 8 1
0 5 8 2
0 5 12 4
0 5 15 1
0 5 16 2
0 5 19 2
0 5 20 5
0 5 21 5
0 5 22 4
6 6 13 14
6 6 14 20
6 6 19 19
6 7 10 21
6 7 14 19
6 7 17 18
6 8 7 20
6 8 12 15
6 8 18 17
6 8 20 7
6 9 13 17
6 10 9 22
6 10 10 9
6 11 14 12
6 12 10 9
6 13 17 20
6 13 20 18
6 14 10 15
6 14 13 9
6 14 18 12
6 14 19 12
6 15 12 7
6 15 13 15
6 15 18 20
6 15 20 10
6 15 20 13
6 15 20 20
6 16 14 21
6 16 19 7
6 17 8 21
6 18 6 22
6 18 9 14
6 19 8 15
6 19 14 16
6 19 16 14
6 20 15 8
6 21 8 18
6 21 10 12
6 21 11 13
6 21 21 13
6 22 12 12
6 22 16 14
7 7 7 16
7 7 22 14
7 8 15 9
7 8 19 22
7 8 22 14
7 9 11 16
7 9 18 18
7 9 21 18
7 9 22 17
7 10 8 20
7 10 9 19
7 10 12 17
7 10 13 19
7 10 21 14
7 11 10 9
7 11 10 19
7 11 14 13
7 11 14 18
7 11 17 14
7 11 18 9
7 12 7 20
7 12 11 15
7 12 13 9
7 13 17 8
7 13 17 17
7 13 20 11
7 15 19 16
7 16 8 18
7 16 16 11
7 17 10 21
7 17 13 22
7 18 18 20
7 19 16 12
7 19 22 21
7 21 19 9
7 21 22 15
7 22 21 11
7 22 22 18
8 8 8 13
8 8 18 22
8 9 11 15
8 9 15 22
8 9 21 16
8 10 12 9
8 10 14 19
8 10 21 11
8 10 21 18
8 10 21 19
8 11 9 11
8 11 14 15
8 11 20 17
8 12 9 22
8 12 19 13
8 13 9 17
8 14 13 13
8 15 13 18
8 16 11 20
8 16 18 19
8 17 16 20
8 19 10 22
8 19 15 14
8 19 21 17
8 20 16 22
8 22 15 15
8 22 20 20
9 9 10 17
9 9 10 22
9 9 19 13
9 10 12 22
9 10 19 11
9 12 9 19
9 12 19 13
9 13 10 18
9 15 12 15
9 16 11 18
9 18 18 14
9 19 15 22
9 19 17 12
9 19 21 11
9 20 10 12
9 20 14 19
9 20 20 21
9 21 17 17
9 22 14 21
9 22 17 12
10 10 16 12
10 11 11 20
10 11 20 21
10 11 21 11
10 12 13 11
10 12 15 21
10 13 12 17
10 14 15 17
10 14 22 15
10 15 19 20
10 15 22 20
10 17 14 20
10 18 18 22
10 18 19 20
10 21 16 14
11 11 17 21
11 12 21 15
11 15 11 18
11 17 16 15
11 17 22 18
11 18 15 12
11 18 16 16
11 18 16 21
11 21 12 13
11 21 13 12
11 21 14 16
11 21 19 15
11 22 17 22
11 22 21 12
11 22 22 17
12 12 13 16
12 13 17 16
12 13 18 16
12 14 13 21
12 15 14 21
12 16 16 13
12 16 20 21
12 17 16 22
12 22 14 16
12 22 16 15
12 22 20 14
13 14 16 22
13 14 19 15
13 14 20 17
13 15 18 17
13 16 18 18
13 19 22 20
13 20 19 18
13 20 20 16
13 21 20 17
13 21 22 19
13 22 21 22
14 15 19 20
14 16 14 18
14 17 16 21
14 18 17 17
14 18 20 19
15 17 15 20
15 19 18 18
15 19 18 19
16 16 18 21
16 17 19 22
16 19 18 17
16 21 19 17
17 20 19 18
