20 19
0 0 1 6
0 0 2 6
0 0 6 2
0 0 6 6
0 1 8 3
0 1 9 5
0 1 14 3
0 1 16 3
0 1 17 2
0 1 17 4
0 1 21 1
0 1 21 4
0 1 22 6
0 1 25 1
0 1 25 3
0 1 26 1
0 2 8 3
0 2 11 2
0 2 12 1
0 2 12 5
0 2 13 1
0 2 16 3
0 2 16 6
0 2 20 4
0 2 20 6
0 2 21 4
0 2 22 6
0 2 24 5
0 3 8 1
0 3 9 3
0 3 12 1
0 3 13 2
0 3 15 2
0 3 16 6
0 3 19 6
0 3 22 1
0 3 22 5
0 3 23 1
0 3 23 5
0 3 24 2
0 4 12 2
0 4 14 5
0 4 16 4
0 4 17 5
0 4 19 2
0 4 19 3
0 4 21 2
0 4 22 5
0 4 23 5
0 4 24 6
0 4 25 4
0 4 26 4
0 5 9 6
0 5 10 4
0 5 10 5
0 5 12 1
0 5 13 3
0 5 14 3
0 5 15 5
0 5 16 4
0 5 19 1
0 5 23 4
0 5 27 2
0 5 27 4
0 6 9 3
0 6 10 6
0 6 12 2
0 6 13 1
0 6 13 4
0 6 16 2
0 6 17 3
0 6 17 5
0 6 18 2
0 6 21 1
7 7 9 21
7 7 10 13
7 7 11 22
7 7 11 24
7 7 17 25
7 7 26 25
7 8 12 18
7 8 13 17
7 8 16 17
7 8 21 18
7 8 26 27
7 9 11 19
7 9 16 14
7 10 7 12
7 10 14 20
7 10 15 18
7 10 21 12
7 10 25 18
7 12 15 11
7 15 13 18
7 15 15 26
7 15 16 24
7 15 22 20
7 15 26 27
7 16 15 11
7 16 17 25
7 16 18 19
7 18 9 13
7 18 15 16
7 19 9 24
7 19 14 11
7 19 15 21
7 20 7 21
7 21 18 18
7 21 19 27
7 22 12 19
7 22 16 22
7 22 19 14
7 23 21 16
7 23 24 16
7 23 27 9
7 24 17 24
7 25 8 10
7 25 18 25
7 25 22 23
7 26 7 27
7 26 16 17
7 26 18 24
7 26 26 13
7 27 20 13
7 27 21 11
7 27 23 24
7 27 26 15
8 8 8 13
8 8 16 17
8 8 17 24
8 9 10 20
8 9 11 20
8 9 12 24
8 10 11 10
8 10 11 26
8 10 12 10
8 10 27 9
8 11 15 19
8 11 22 24
8 12 16 19
8 13 17 26
8 13 20 10
8 13 23 20
8 13 26 20
8 14 14 15
8 14 17 22
8 15 12 22
8 15 13 12
8 15 14 15
8 15 18 17
8 15 21 27
8 16 19 12
8 16 19 20
8 16 26 25
8 17 15 16
8 18 20 25
8 18 25 13
8 19 14 10
8 20 17 10
8 21 10 27
8 21 11 9
8 21 12 14
8 22 9 16
8 22 21 20
8 23 10 9
8 23 17 27
8 24 12 10
8 24 15 19
8 24 21 25
8 24 24 23
8 25 20 18
8 26 12 13
8 26 20 11
8 26 20 14
8 27 20 9
8 27 26 12
9 9 23 24
9 10 11 10
9 10 11 20
9 10 14 16
9 11 10 13
9 11 11 10
9 12 14 24
9 13 13 14
9 13 24 19
9 14 10 20
9 14 20 19
9 14 22 17
9 15 18 20
9 16 13 21
9 16 18 25
9 16 23 23
9 16 26 21
9 17 18 10
9 18 15 20
9 18 17 15
9 18 17 23
9 18 19 20
9 18 24 16
9 18 25 20
9 20 14 23
9 20 26 13
9 21 18 23
9 21 19 13
9 21 20 13
9 21 24 22
9 22 12 17
9 22 14 12
9 22 27 15
9 23 12 16
9 23 24 26
9 24 25 25
9 24 25 26
9 25 15 22
9 25 18 22
9 25 21 22
9 25 24 12
9 25 25 20
9 27 24 15
10 10 17 22
10 11 13 20
10 11 14 20
10 11 19 15
10 11 21 16
10 11 25 23
10 12 17 19
10 12 19 11
10 13 12 16
10 13 13 19
10 14 12 18
10 14 12 20
10 14 17 23
10 14 21 23
10 15 14 12
10 17 15 11
10 17 17 26
10 17 21 23
10 19 15 14
10 19 19 22
10 19 22 15
10 19 27 20
10 20 24 23
10 21 15 25
10 21 21 15
10 23 12 21
10 23 13 20
10 24 12 26
10 24 18 12
10 27 22 13
11 11 12 13
11 11 23 25
11 11 25 13
11 13 20 21
11 13 25 16
11 14 11 17
11 14 20 22
11 14 25 21
11 15 18 26
11 16 21 27
11 16 23 12
11 18 26 27
11 19 12 27
11 19 17 27
11 19 19 17
11 19 25 23
11 20 15 25
11 20 27 26
11 22 16 16
11 22 26 21
11 23 13 25
11 23 18 20
11 24 21 21
11 24 25 23
11 25 17 13
11 26 19 16
11 27 16 12
11 27 19 17
11 27 21 23
11 27 22 22
11 27 25 27
12 12 15 26
12 13 12 15
12 13 15 14
12 13 22 20
12 14 16 19
12 14 21 13
12 15 13 27
12 16 27 15
12 18 13 25
12 19 16 24
12 19 24 26
12 20 17 14
12 20 24 19
12 21 14 25
12 21 27 24
12 23 18 18
12 23 20 19
12 23 20 21
12 23 22 16
12 23 24 27
12 24 24 25
13 14 16 17
13 14 19 21
13 16 16 24
13 18 17 25
13 18 24 26
13 21 13 23
13 21 27 23
13 22 16 18
13 22 24 17
13 23 15 14
13 23 16 21
13 23 25 22
13 25 18 21
13 25 24 18
13 26 20 17
13 27 23 16
14 14 16 22
14 14 20 15
14 14 27 17
14 17 15 18
14 18 14 21
14 18 16 24
14 18 18 23
14 19 19 18
14 20 24 17
14 22 21 17
14 22 23 15
14 23 27 17
14 26 15 20
14 26 19 25
14 26 20 21
14 26 23 25
14 26 26 21
14 27 22 20
15 15 19 27
15 15 24 27
15 17 20 23
15 19 19 18
15 19 25 16
15 21 22 16
15 22 17 17
15 26 20 20
15 27 18 23
15 27 27 16
15 27 27 18
16 19 21 18
16 21 21 26
16 22 27 18
16 23 19 19
16 24 25 17
16 26 27 18
17 18 22 19
17 19 18 26
17 20 18 27
17 21 22 22
17 22 17 27
17 22 25 22
17 24 18 23
17 25 18 26
17 25 19 23
17 27 20 24
17 27 24 26
18 20 25 24
18 22 26 22
18 26 24 23
18 26 27 23
19 20 27 27
19 23 24 22
19 23 26 23
19 26 23 26
19 26 24 24
20 24 26 25
20 25 22 22
20 25 26 22
21 24 26 26
21 26 27 25
21 27 22 24
22 22 27 25
22 25 26 23
