12 5
0 0 1 2
0 0 1 4
0 0 2 4
0 0 4 3
0 1 6 3
0 1 7 3
0 1 8 1
0 1 8 3
0 1 10 2
0 1 11 1
0 2 5 1
0 2 6 1
0 2 6 4
0 2 7 1
0 2 8 2
0 2 10 2
0 2 11 2
0 3 6 3
0 3 6 4
0 3 7 3
0 3 9 1
0 3 9 4
0 3 10 4
0 3 11 2
0 4 7 2
0 4 8 3
0 4 9 1
0 4 9 2
0 4 9 4
0 4 11 1
5 5 5 9
5 5 6 7
5 5 7 7
5 5 9 9
5 5 10 8
5 5 10 9
5 6 9 10
5 6 10 8
5 8 9 8
5 8 9 10
5 10 8 6
5 10 9 6
5 11 6 9
5 11 6 11
6 6 7 8
6 6 10 7
6 6 11 8
6 7 7 10
6 7 7 11
6 7 8 7
6 11 11 7
7 8 8 11
7 8 9 11
7 8 10 11
7 9 9 11
7 9 10 9
7 11 10 11
8 10 9 11
8 10 11 10
8 11 10 10
