19 15
0 0 1 3
0 0 1 4
0 0 3 1
0 0 5 2
0 1 8 2
0 1 9 5
0 1 11 3
0 1 11 4
0 1 14 3
0 1 15 3
0 1 16 4
0 1 17 2
0 1 18 4
0 1 21 5
0 1 22 4
0 2 8 1
0 2 8 5
0 2 9 1
0 2 10 3
0 2 10 4
0 2 11 5
0 2 13 1
0 2 14 4
0 2 18 5
0 2 20 4
0 2 22 4
0 2 23 2
0 2 23 5
0 3 6 4
0 3 6 5
0 3 10 3
0 3 11 1
0 3 13 3
0 3 13 4
0 3 15 4
0 3 16 5
0 3 19 2
0 3 19 3
0 3 20 1
0 3 21 1
0 4 8 1
0 4 8 4
0 4 10 2
0 4 10 5
0 4 12 3
0 4 12 5
0 4 16 1
0 4 17 1
0 4 18 3
0 4 19 2
0 4 19 3
0 4 21 2
0 4 23 3
0 5 7 2
0 5 9 2
0 5 9 5
0 5 10 1
0 5 13 2
0 5 13 5
0 5 15 1
0 5 18 2
0 5 19 2
0 5 20 1
0 5 23 3
6 6 9 22
6 6 22 19
6 7 19 15
6 7 21 18
6 8 13 21
6 8 20 15
6 9 11 14
6 9 12 14
6 9 15 14
6 10 16 13
6 10 23 12
6 11 11 18
6 11 20 17
6 12 8 19
6 12 14 18
6 12 22 20
6 14 7 17
6 14 10 13
6 14 13 14
6 15 13 14
6 15 19 11
6 15 19 17
6 15 21 16
6 15 22 14
6 16 17 15
6 16 22 14
6 17 9 15
6 17 11 20
6 17 13 20
6 17 16 7
6 18 16 17
6 18 19 23
6 18 23 11
6 19 10 14
6 19 12 14
6 19 14 7
6 19 17 10
6 19 18 9
6 19 18 17
6 19 23 15
6 20 7 17
6 20 7 23
6 20 16 7
6 20 17 14
6 21 10 16
6 21 23 7
6 22 13 9
6 22 15 23
6 22 16 8
6 23 7 20
7 7 13 15
7 7 17 17
7 8 10 12
7 8 15 12
7 9 7 20
7 9 9 23
7 9 13 21
7 9 15 12
7 9 22 22
7 10 15 13
7 10 18 16
7 10 19 17
7 12 10 21
7 12 23 9
7 13 15 12
7 13 18 11
7 14 10 12
7 14 22 20
7 15 7 19
7 15 17 15
7 15 21 15
7 16 11 16
7 16 12 13
7 16 19 15
7 16 20 22
7 18 21 12
7 19 8 11
7 19 18 23
7 20 10 15
7 20 11 23
7 20 17 21
7 21 17 10
7 21 18 19
7 21 19 23
7 22 8 23
7 22 12 16
7 23 10 11
7 23 12 22
7 23 17 17
8 8 23 19
8 9 16 15
8 9 19 11
8 10 12 10
8 10 21 13
8 10 23 23
8 11 17 13
8 11 19 9
8 11 20 13
8 12 11 11
8 12 15 16
8 13 18 19
8 13 18 22
8 13 22 17
8 14 14 10
8 14 16 23
8 14 19 21
8 14 22 14
8 15 14 19
8 15 16 16
8 17 10 12
8 17 10 23
8 17 18 22
8 17 23 22
8 17 23 23
8 18 10 13
8 18 15 10
8 18 20 14
8 18 21 9
8 18 21 12
8 19 16 21
8 21 13 20
8 21 21 14
8 22 9 9
8 22 12 23
8 22 19 16
8 22 20 10
8 22 21 21
8 23 9 18
8 23 12 18
9 9 17 10
9 9 19 15
9 9 22 18
9 10 20 10
9 10 23 18
9 13 17 13
9 13 20 14
9 13 21 22
9 14 10 15
9 14 10 23
9 14 14 12
9 15 22 13
9 16 9 21
9 16 12 15
9 16 21 15
9 18 21 11
9 19 9 20
9 20 10 17
9 21 16 19
9 22 11 17
9 22 18 11
9 23 10 20
9 23 11 11
9 23 16 20
10 11 16 17
10 12 16 19
10 14 10 19
10 16 13 17
10 17 22 14
10 18 12 20
10 18 22 12
10 20 16 13
10 20 22 12
10 21 19 15
10 22 23 17
10 23 13 16
11 11 11 16
11 11 12 21
11 11 23 18
11 12 18 20
11 12 21 15
11 13 15 20
11 13 18 17
11 13 22 20
11 14 11 20
11 15 19 22
11 16 20 21
11 16 21 21
11 16 23 18
11 18 12 21
11 19 23 14
11 20 13 16
11 20 17 16
11 20 20 21
11 23 20 18
12 13 14 16
12 14 16 14
12 14 16 18
12 17 13 23
12 17 15 20
12 18 13 14
12 18 14 21
12 19 20 19
12 20 15 19
12 20 20 16
12 21 13 19
12 21 19 17
12 22 13 18
12 22 21 17
12 22 22 21
12 23 13 13
13 14 23 22
13 17 23 20
13 18 14 22
13 20 15 15
13 21 16 17
13 21 22 21
13 22 16 15
14 14 22 21
14 17 20 21
14 18 16 15
14 18 21 17
14 22 23 19
14 23 19 18
15 18 18 17
15 19 16 16
15 19 21 22
15 20 16 22
15 23 22 18
17 18 19 18
17 19 21 23
17 20 22 23
