13 9
0 0 2 3
0 0 3 2
0 0 4 1
0 0 4 4
0 1 7 2
0 1 8 1
0 1 11 3
0 1 11 4
0 1 12 1
0 1 13 2
0 1 13 3
0 1 13 4
0 1 14 4
0 1 15 3
0 2 8 2
0 2 9 1
0 2 9 4
0 2 11 1
0 2 11 2
0 2 11 3
0 2 12 1
0 2 12 3
0 2 15 2
0 3 5 4
0 3 6 2
0 3 8 4
0 3 10 3
0 3 10 4
0 3 11 2
0 3 12 1
0 3 12 2
0 3 14 1
0 4 5 3
0 4 6 4
0 4 9 1
0 4 9 3
0 4 10 3
0 4 10 4
0 4 11 1
0 4 14 2
5 5 11 10
5 5 13 6
5 5 14 13
5 5 14 14
5 6 12 7
5 6 14 10
5 7 8 6
5 7 8 15
5 7 10 13
5 7 13 12
5 9 5 15
5 9 6 11
5 9 8 8
5 9 10 12
5 10 9 13
5 10 12 11
5 11 15 6
5 12 12 6
5 12 15 7
5 13 8 14
5 13 9 6
5 13 15 11
5 14 6 11
5 14 6 14
5 15 6 15
6 6 6 12
6 7 8 8
6 7 10 8
6 8 10 7
6 9 9 7
6 9 9 15
6 10 7 8
6 10 14 14
6 10 15 7
6 11 6 13
6 11 14 10
6 12 13 15
6 13 7 8
6 13 11 14
6 14 8 8
6 15 12 9
7 7 9 14
7 8 7 15
7 8 11 14
7 9 7 15
7 9 8 10
7 9 9 8
7 9 15 13
7 10 15 13
7 13 8 12
7 13 10 9
7 13 14 12
7 14 12 12
7 14 14 8
7 15 11 10
7 15 13 13
8 10 15 15
8 11 11 10
8 12 9 9
8 12 11 9
8 13 15 12
8 14 11 11
8 14 12 12
8 15 9 12
8 15 9 14
8 15 15 15
9 9 11 10
9 9 12 12
9 12 13 14
10 10 11 11
10 11 11 11
10 11 13 13
10 11 15 15
10 13 10 15
10 14 12 12
10 14 14 14
11 13 13 13
