16 9
0 0 1 1
0 0 2 1
0 0 2 2
0 0 3 2
0 1 6 3
0 1 8 3
0 1 9 1
0 1 9 3
0 1 10 3
0 1 10 4
0 1 11 4
0 1 12 2
0 1 13 4
0 1 15 4
0 1 16 4
0 2 5 2
0 2 5 3
0 2 5 4
0 2 9 1
0 2 10 1
0 2 10 2
0 2 11 2
0 2 11 3
0 2 12 4
0 2 14 1
0 3 6 1
0 3 9 2
0 3 10 1
0 3 10 3
0 3 11 2
0 3 11 4
0 3 15 1
0 3 15 2
0 3 16 2
0 3 16 3
0 4 8 1
0 4 9 1
0 4 10 2
0 4 10 3
0 4 11 1
0 4 12 3
0 4 12 4
0 4 13 3
0 4 13 4
0 4 14 4
0 4 15 2
5 5 5 14
5 5 6 10
5 5 14 14
5 6 8 6
5 6 9 6
5 6 12 11
5 6 15 13
5 7 8 14
5 7 8 16
5 7 12 14
5 7 14 12
5 9 7 9
5 9 8 12
5 9 14 13
5 10 7 8
5 10 8 6
5 10 16 10
5 11 10 9
5 11 14 14
5 12 9 13
5 12 13 8
5 13 7 16
5 13 13 6
5 13 15 9
5 14 8 11
5 14 8 12
5 14 9 16
5 14 10 15
5 14 15 10
5 16 8 6
5 16 8 7
6 6 8 16
6 6 9 16
6 7 8 13
6 7 11 7
6 7 11 15
6 7 12 7
6 7 13 8
6 8 8 15
6 8 13 11
6 9 12 9
6 9 15 13
6 9 16 14
6 10 13 7
6 11 7 15
6 11 9 15
6 12 12 14
6 13 7 15
6 13 10 12
6 14 7 10
6 14 15 16
6 16 14 12
6 16 14 14
7 7 11 8
7 8 16 14
7 9 9 16
7 9 13 12
7 9 15 15
7 10 11 15
7 10 12 14
7 14 8 11
7 15 9 15
7 15 14 11
7 15 16 13
7 16 8 15
7 16 11 8
7 16 12 16
7 16 13 9
7 16 16 14
8 8 11 12
8 9 10 13
8 10 10 15
8 11 12 10
8 11 12 12
8 12 11 9
8 13 9 15
8 13 12 11
8 14 9 11
8 16 13 16
8 16 15 15
9 10 13 10
9 12 12 11
9 12 16 13
9 15 10 12
9 15 11 13
9 16 13 12
10 10 14 14
10 10 16 16
10 11 13 12
10 12 14 14
10 14 13 13
10 16 16 15
11 11 14 16
11 11 15 15
11 13 12 13
11 15 12 15
11 15 14 16
12 15 13 13
