10 9
0 0 1 1
0 0 2 2
0 0 3 1
0 0 4 2
0 1 5 3
0 1 6 1
0 1 7 2
0 1 8 4
0 1 9 3
0 1 9 4
0 1 10 1
0 1 12 3
0 2 5 3
0 2 5 4
0 2 6 1
0 2 7 2
0 2 7 4
0 2 10 1
0 2 11 1
0 2 12 2
0 3 5 1
0 3 5 3
0 3 6 4
0 3 9 1
0 3 10 2
0 3 12 2
0 3 12 4
0 4 8 4
0 4 9 3
0 4 10 2
0 4 10 3
0 4 11 4
0 4 13 2
0 4 13 3
5 5 7 9
5 5 8 7
5 6 5 9
5 6 7 9
5 6 7 11
5 6 13 11
5 7 8 8
5 8 7 13
5 8 13 13
5 9 12 12
5 9 13 7
5 9 13 11
5 10 7 8
5 10 9 6
5 11 7 11
5 11 9 7
5 12 7 10
5 12 9 12
5 13 6 6
5 13 10 9
5 13 10 10
5 13 10 11
6 6 6 9
6 6 7 8
6 6 11 12
6 7 11 13
6 8 11 7
6 8 11 9
6 8 12 13
6 9 9 10
6 9 10 8
6 9 11 12
6 10 7 8
6 10 11 12
6 11 8 7
6 12 12 8
7 7 13 13
7 8 10 10
7 8 13 11
7 9 8 11
7 9 11 11
7 12 11 13
7 13 8 10
7 13 9 11
8 8 13 13
8 9 12 12
8 10 13 12
8 11 10 9
8 11 11 9
8 12 11 12
8 12 12 10
9 12 12 10
9 13 13 10
10 10 11 11
10 10 12 13
12 12 13 13
