14 13
0 0 3 1
0 0 4 2
0 0 4 4
0 0 5 1
0 1 6 2
0 1 6 4
0 1 7 1
0 1 7 3
0 1 9 1
0 1 10 2
0 1 12 1
0 1 12 5
0 1 14 4
0 1 16 4
0 2 7 3
0 2 8 5
0 2 9 5
0 2 11 3
0 2 12 2
0 2 13 2
0 2 16 3
0 2 16 5
0 2 17 2
0 2 18 3
0 3 9 2
0 3 9 4
0 3 12 2
0 3 12 5
0 3 13 1
0 3 13 5
0 3 15 3
0 3 15 4
0 3 19 3
0 4 9 5
0 4 10 3
0 4 10 4
0 4 13 1
0 4 13 2
0 4 16 4
0 4 17 1
0 4 19 1
0 5 7 5
0 5 8 3
0 5 8 5
0 5 13 1
0 5 14 2
0 5 15 3
0 5 15 5
0 5 16 4
0 5 18 4
6 6 11 9
6 7 9 7
6 7 17 19
6 8 7 15
6 8 15 14
6 8 15 19
6 8 18 8
6 10 14 13
6 10 17 17
6 10 18 12
6 11 10 14
6 11 12 16
6 11 16 12
6 12 9 15
6 12 15 10
6 12 15 11
6 13 9 19
6 13 13 17
6 13 19 10
6 14 14 12
6 14 15 8
6 14 19 11
6 15 16 9
6 16 7 9
6 16 15 17
6 16 16 19
6 16 17 19
6 16 19 16
6 17 14 10
6 17 15 14
6 17 17 16
6 17 18 11
6 17 19 9
6 17 19 10
6 18 7 14
6 18 12 15
6 19 14 19
6 19 15 12
6 19 16 9
7 7 16 13
7 7 18 19
7 8 14 14
7 8 15 8
7 9 11 11
7 9 11 13
7 10 14 13
7 10 18 8
7 10 18 11
7 10 19 13
7 11 8 8
7 11 14 9
7 12 8 11
7 12 12 16
7 12 17 12
7 12 19 14
7 13 8 17
7 13 11 17
7 13 18 11
7 13 19 9
7 15 7 17
7 15 8 10
7 15 8 11
7 15 15 17
7 15 19 10
7 16 10 11
7 17 16 9
7 18 12 9
7 18 19 8
8 8 10 9
8 8 10 16
8 8 12 11
8 8 17 10
8 12 12 13
8 12 18 16
8 13 9 18
8 14 13 14
8 14 19 11
8 15 8 18
8 17 9 18
8 17 10 18
8 17 16 15
8 18 12 19
8 18 14 19
8 18 17 13
8 19 17 16
9 9 18 15
9 10 15 16
9 11 10 10
9 11 11 19
9 11 13 10
9 11 13 18
9 11 14 14
9 11 18 13
9 12 10 14
9 14 11 10
9 14 12 13
9 14 16 11
9 15 16 12
9 17 10 13
9 17 14 16
9 18 13 18
9 18 17 13
9 18 18 17
9 19 14 15
10 10 13 11
10 10 16 17
10 11 14 17
10 12 16 11
10 12 16 12
10 14 14 11
10 14 17 19
10 15 15 12
10 17 13 13
10 18 18 18
10 19 11 18
11 11 12 12
11 12 19 16
11 13 12 18
11 17 19 19
11 18 12 19
11 19 15 14
12 13 16 19
12 15 15 17
12 16 18 13
12 18 14 19
13 14 13 18
13 16 19 17
13 19 15 18
14 16 17 15
14 17 15 15
14 18 19 15
15 16 16 16
