13 5
0 0 2 1
0 0 2 3
0 0 4 2
0 0 4 3
0 1 5 1
0 1 5 3
0 1 5 4
0 1 6 4
0 1 7 2
0 1 7 4
0 1 8 2
0 1 9 1
0 2 5 4
0 2 6 1
0 2 8 3
0 2 9 2
0 2 10 1
0 2 10 4
0 3 6 1
0 3 7 3
0 3 7 4
0 3 8 2
0 3 9 3
0 3 9 4
0 3 10 4
0 3 11 1
0 4 5 3
0 4 7 3
0 4 8 1
0 4 8 2
0 4 9 2
0 4 11 2
5 5 10 8
5 6 6 10
5 6 7 8
5 6 9 7
5 7 6 6
5 7 7 6
5 7 9 10
5 7 11 11
5 8 8 7
5 8 11 6
5 8 11 8
5 9 8 8
5 9 11 11
5 10 7 10
5 11 7 9
5 11 9 7
5 11 9 9
5 11 10 6
6 6 7 10
6 6 10 7
6 8 10 7
6 9 6 11
6 9 8 8
6 9 11 9
6 10 8 10
6 10 11 10
6 11 11 10
7 8 9 11
7 8 10 9
7 9 8 9
7 10 8 11
7 10 10 11
9 11 11 10
