17 6
0 0 1 3
0 0 1 4
0 0 2 3
0 0 2 4
0 1 6 1
0 1 6 3
0 1 7 2
0 1 8 2
0 1 10 2
0 1 11 1
0 1 12 1
0 1 12 4
0 1 14 1
0 2 5 3
0 2 5 4
0 2 6 1
0 2 6 3
0 2 10 2
0 2 10 3
0 2 12 1
0 2 12 2
0 2 13 2
0 3 5 2
0 3 5 4
0 3 6 3
0 3 7 4
0 3 8 1
0 3 8 2
0 3 8 4
0 3 9 4
0 3 11 2
0 3 14 2
0 4 5 1
0 4 6 1
0 4 6 4
0 4 7 1
0 4 7 3
0 4 8 1
0 4 9 3
0 4 11 3
0 4 12 2
0 4 13 4
5 5 14 6
5 6 8 7
5 6 10 9
5 6 12 6
5 6 12 14
5 6 13 11
5 7 10 11
5 7 13 6
5 8 5 14
5 8 8 11
5 8 9 7
5 8 14 11
5 9 8 14
5 9 9 10
5 11 10 12
5 11 13 14
5 12 7 14
5 12 8 11
5 12 10 14
5 13 7 6
5 13 14 10
6 6 11 10
6 7 7 14
6 7 13 9
6 9 13 13
6 10 7 14
6 10 8 11
6 11 6 13
6 11 14 14
6 12 8 14
6 13 11 13
7 7 13 13
7 8 10 9
7 8 10 13
7 9 10 9
7 9 11 13
7 10 7 12
7 10 8 14
7 11 9 8
7 11 11 12
7 12 9 9
7 12 10 10
7 13 13 14
8 8 10 12
8 10 12 9
8 11 14 14
8 12 11 11
8 12 13 12
8 13 13 9
8 13 14 13
8 14 9 11
9 9 9 12
9 9 10 10
9 10 13 14
9 11 12 12
9 13 12 11
9 14 11 11
10 10 11 14
10 12 10 13
12 12 14 13
