15 8
0 0 2 1
0 0 2 4
0 0 3 1
0 0 4 2
0 1 5 1
0 1 6 1
0 1 6 2
0 1 7 1
0 1 7 2
0 1 8 1
0 1 8 4
0 1 11 2
0 1 12 3
0 1 14 2
0 1 15 4
0 2 5 1
0 2 5 2
0 2 6 2
0 2 7 1
0 2 8 1
0 2 11 3
0 2 13 4
0 2 14 1
0 2 14 4
0 3 5 2
0 3 8 4
0 3 9 2
0 3 9 3
0 3 10 4
0 3 11 2
0 3 11 3
0 3 14 2
0 3 14 3
0 4 5 4
0 4 6 4
0 4 7 3
0 4 8 3
0 4 9 1
0 4 9 3
0 4 10 3
0 4 10 4
0 4 14 3
5 5 7 12
5 5 10 7
5 5 11 13
5 5 12 8
5 5 15 6
5 6 7 12
5 6 13 11
5 6 14 14
5 8 8 12
5 8 9 6
5 9 7 6
5 9 13 13
5 12 10 11
5 13 7 8
5 13 9 9
5 13 10 14
5 14 7 6
5 14 9 11
5 14 14 14
5 15 6 9
5 15 7 14
5 15 10 6
6 6 6 10
6 6 12 13
6 7 8 14
6 7 12 12
6 8 7 12
6 8 8 11
6 9 11 11
6 9 13 12
6 11 7 12
6 12 7 9
6 12 8 15
6 12 10 8
6 13 10 8
6 13 10 14
6 15 10 12
6 15 11 15
7 7 11 9
7 7 12 9
7 8 8 9
7 8 14 8
7 8 15 10
7 9 14 9
7 10 13 11
7 10 14 15
7 12 10 10
7 12 10 11
7 13 9 14
7 13 11 10
7 13 15 12
7 15 12 9
8 9 13 12
8 9 15 13
8 10 15 13
8 11 14 9
8 11 14 11
8 11 15 13
8 12 15 11
8 14 15 13
8 15 9 11
8 15 12 12
9 9 13 12
9 9 14 14
9 10 12 15
9 15 12 13
9 15 14 13
10 10 15 14
10 11 11 13
10 11 13 15
10 12 10 15
10 12 14 11
10 13 12 14
10 13 15 13
10 14 14 15
10 15 12 13
11 11 11 15
11 11 13 13
