16 10
0 0 1 3
0 0 1 4
0 0 3 3
0 0 4 1
0 1 7 4
0 1 8 3
0 1 9 2
0 1 11 4
0 1 12 4
0 1 13 4
0 1 14 4
0 1 15 2
0 1 15 3
0 1 16 1
0 2 5 1
0 2 6 4
0 2 7 4
0 2 8 2
0 2 9 1
0 2 10 1
0 2 12 2
0 2 12 3
0 2 12 4
0 2 13 2
0 2 17 1
0 2 17 3
0 3 6 4
0 3 7 3
0 3 8 1
0 3 9 2
0 3 10 1
0 3 11 2
0 3 12 1
0 3 13 3
0 3 15 1
0 3 15 2
0 3 17 1
0 4 6 2
0 4 7 3
0 4 10 2
0 4 11 3
0 4 11 4
0 4 12 2
0 4 12 3
0 4 14 2
0 4 14 3
0 4 15 1
0 4 17 4
5 5 15 8
5 5 16 12
5 6 7 13
5 6 15 13
5 7 7 12
5 7 16 11
5 7 17 13
5 9 12 6
5 10 6 6
5 10 6 7
5 10 10 6
5 10 11 11
5 10 13 7
5 10 16 7
5 10 16 15
5 10 16 16
5 11 6 11
5 11 6 17
5 11 8 14
5 11 17 9
5 12 6 13
5 12 8 9
5 13 9 8
5 13 14 11
5 14 7 8
5 14 7 11
5 14 7 15
5 14 11 15
5 14 14 10
5 14 17 11
5 15 7 11
5 15 11 11
5 15 15 8
5 16 13 17
5 16 16 9
6 6 15 9
6 7 11 8
6 7 14 15
6 8 17 10
6 9 8 9
6 9 10 17
6 9 16 14
6 10 10 13
6 10 13 14
6 11 10 11
6 12 14 14
6 12 17 15
6 13 11 17
6 14 10 10
6 15 6 16
6 15 16 16
6 16 6 17
6 16 9 11
6 16 16 14
6 17 7 13
6 17 13 9
6 17 17 10
7 7 8 13
7 7 9 17
7 8 10 15
7 8 10 17
7 11 8 8
7 11 13 9
7 14 12 16
7 14 13 8
7 14 15 12
7 14 16 9
7 15 8 13
7 15 12 10
7 16 8 8
7 16 8 17
7 16 16 16
7 17 10 9
7 17 13 12
8 12 9 9
8 12 12 13
8 12 14 10
8 13 9 10
8 13 17 15
8 14 9 15
8 14 12 13
8 14 12 16
8 14 13 16
8 15 13 17
8 15 14 11
8 15 17 17
8 16 10 12
8 16 13 9
8 16 13 17
8 16 14 13
9 9 9 12
9 9 13 16
9 9 16 15
9 10 10 11
9 12 14 15
9 13 11 14
9 15 11 13
9 15 16 17
9 16 12 17
9 17 17 15
10 10 16 11
10 11 10 12
10 11 11 12
10 11 15 14
10 13 12 11
11 12 16 12
11 15 12 14
12 12 13 13
12 13 14 14
12 13 17 17
14 14 16 15
15 15 17 17
