19 17
0 0 1 4
0 0 2 3
0 0 3 2
0 0 3 4
0 1 7 3
0 1 8 2
0 1 9 4
0 1 12 1
0 1 12 2
0 1 12 3
0 1 13 4
0 1 15 1
0 1 19 4
0 1 20 5
0 1 21 1
0 1 21 5
0 1 25 5
0 2 10 3
0 2 11 1
0 2 11 5
0 2 13 5
0 2 14 5
0 2 15 3
0 2 16 3
0 2 17 1
0 2 17 4
0 2 17 5
0 2 20 3
0 2 22 2
0 2 24 5
0 3 7 3
0 3 11 5
0 3 13 2
0 3 15 1
0 3 16 2
0 3 19 3
0 3 20 1
0 3 21 1
0 3 22 5
0 3 23 3
0 3 24 2
0 3 25 2
0 4 6 1
0 4 6 3
0 4 10 2
0 4 10 4
0 4 13 1
0 4 13 5
0 4 14 4
0 4 17 2
0 4 17 5
0 4 19 3
0 4 22 2
0 4 25 4
0 4 25 5
0 5 12 1
0 5 14 3
0 5 14 4
0 5 18 3
0 5 19 1
0 5 19 2
0 5 19 4
0 5 21 1
0 5 22 2
0 5 23 1
0 5 24 2
0 5 24 4
0 5 25 4
6 7 11 24
6 7 15 10
6 7 20 17
6 8 7 24
6 8 9 21
6 8 9 22
6 8 19 18
6 8 22 13
6 8 24 10
6 9 21 25
6 9 22 17
6 10 8 12
6 10 16 11
6 10 23 20
6 11 10 18
6 11 20 21
6 12 9 23
6 12 11 9
6 12 12 11
6 12 13 12
6 12 13 18
6 12 14 12
6 12 16 7
6 12 23 9
6 12 25 16
6 14 18 22
6 14 25 24
6 15 8 8
6 15 8 17
6 15 15 10
6 15 17 11
6 16 18 19
6 16 24 22
6 17 7 8
6 17 16 24
6 18 9 14
6 18 19 15
6 18 19 24
6 19 11 22
6 20 8 14
6 20 14 7
6 21 23 22
6 22 8 16
6 22 8 21
6 22 9 18
6 22 10 9
6 22 13 24
6 22 22 14
6 23 14 20
6 24 21 10
6 24 21 14
6 25 15 17
6 25 20 19
6 25 21 17
7 7 13 11
7 7 16 14
7 7 23 25
7 8 13 10
7 9 15 10
7 10 13 13
7 10 14 19
7 10 19 20
7 10 25 18
7 12 23 18
7 13 19 21
7 13 24 14
7 13 25 11
7 14 12 17
7 14 24 18
7 15 9 23
7 15 17 22
7 16 14 24
7 17 18 14
7 17 23 10
7 18 8 15
7 18 10 19
7 19 7 22
7 19 9 15
7 19 12 14
7 19 20 10
7 19 21 8
7 19 21 21
7 20 8 14
7 20 11 9
7 20 20 22
7 20 24 15
7 21 15 18
7 21 17 16
7 21 24 23
7 22 9 20
7 22 16 22
7 22 22 18
7 23 17 24
7 23 23 23
7 23 25 21
7 25 9 24
7 25 11 15
8 8 13 10
8 8 23 11
8 9 8 14
8 10 12 9
8 10 19 20
8 10 20 24
8 10 21 22
8 11 11 17
8 11 19 12
8 11 20 18
8 12 14 15
8 13 23 25
8 13 25 16
8 15 15 12
8 15 15 18
8 15 21 23
8 17 9 22
8 17 22 14
8 17 25 25
8 18 11 20
8 19 19 17
8 20 21 24
8 20 24 16
8 21 16 21
8 22 9 18
8 22 18 15
8 23 14 24
8 23 16 13
8 24 12 23
8 24 17 14
8 24 25 24
8 25 13 21
9 9 10 14
9 9 16 15
9 9 16 25
9 10 14 14
9 10 21 16
9 11 19 23
9 11 20 14
9 11 24 20
9 12 11 21
9 12 13 20
9 13 20 10
9 13 25 10
9 14 12 17
9 14 16 19
9 14 19 14
9 15 24 22
9 16 11 25
9 16 14 18
9 16 25 22
9 17 18 25
9 18 16 23
9 18 17 20
9 19 16 19
9 19 18 22
9 21 12 11
9 22 20 15
9 23 16 12
9 24 16 11
9 24 23 21
9 25 11 23
10 10 16 11
10 11 17 14
10 11 21 11
10 11 22 21
10 11 23 16
10 13 14 23
10 14 24 20
10 15 18 22
10 15 22 25
10 16 14 14
10 17 12 11
10 17 19 16
10 17 20 20
10 18 12 19
10 19 12 18
10 20 22 23
10 24 12 12
10 24 24 18
10 25 12 24
10 25 18 13
10 25 20 12
10 25 23 13
11 11 12 25
11 15 13 13
11 15 13 16
11 15 21 16
11 15 24 24
11 16 15 19
11 17 24 23
11 18 25 13
11 19 14 12
11 20 11 23
11 21 16 13
11 21 16 18
11 21 19 15
11 21 19 20
11 21 19 21
11 24 22 12
12 12 18 25
12 12 22 16
12 13 16 13
12 13 23 22
12 15 22 17
12 16 20 22
12 17 22 21
12 19 20 23
12 22 25 20
12 23 13 14
12 25 16 18
12 25 18 19
13 13 13 24
13 13 17 17
13 15 17 16
13 15 23 24
13 16 13 24
13 16 20 18
13 17 22 14
13 19 15 20
13 19 23 18
13 21 24 21
13 24 16 25
13 24 18 14
13 24 18 20
13 25 18 16
14 15 20 18
14 17 15 25
14 18 15 17
14 18 24 23
14 19 17 21
14 19 20 15
14 20 19 22
14 23 16 23
14 23 17 25
15 15 21 25
15 16 25 17
15 17 17 19
15 19 23 22
15 21 16 23
15 23 19 21
15 23 20 23
15 24 25 17
16 18 19 22
16 18 20 25
16 20 21 17
16 20 22 20
16 22 18 25
17 18 25 19
17 19 23 21
17 20 19 18
17 21 25 22
17 22 23 24
17 23 21 21
18 18 24 23
18 21 21 25
20 21 24 25
20 25 23 23
