18 6
0 0 1 1
0 0 2 5
0 0 3 2
0 0 5 4
0 1 6 3
0 1 7 1
0 1 9 4
0 1 11 2
0 1 12 4
0 1 14 4
0 1 14 5
0 1 15 3
0 2 6 5
0 2 8 3
0 2 9 5
0 2 10 4
0 2 13 2
0 2 13 3
0 2 15 2
0 2 15 5
0 3 6 1
0 3 6 2
0 3 6 4
0 3 7 1
0 3 10 1
0 3 13 1
0 3 13 3
0 3 15 4
0 4 6 2
0 4 6 5
0 4 7 1
0 4 12 1
0 4 12 3
0 4 13 2
0 4 13 4
0 4 13 5
0 4 14 1
0 5 8 3
0 5 9 5
0 5 10 3
0 5 11 2
0 5 12 2
0 5 14 4
0 5 15 3
6 7 9 8
6 7 9 11
6 8 6 9
6 8 8 11
6 8 8 12
6 8 9 15
6 8 12 12
6 9 9 8
6 9 15 10
6 10 10 12
6 10 10 13
6 10 13 10
6 10 13 11
6 11 7 10
6 12 10 9
6 12 11 14
6 12 12 7
6 14 11 12
6 15 8 11
6 15 8 12
6 15 12 9
6 15 15 11
7 7 15 9
7 8 12 10
7 9 9 9
7 9 13 8
7 9 14 14
7 10 8 10
7 11 9 11
7 11 9 13
7 11 14 13
7 12 14 8
7 13 7 14
7 13 8 11
7 13 8 14
7 13 11 14
7 13 12 9
7 13 13 12
7 14 10 11
7 14 10 12
7 15 10 9
7 15 14 14
7 15 15 15
8 10 10 13
8 10 11 15
8 10 15 10
8 11 11 10
8 11 13 12
8 12 11 11
8 13 8 15
8 13 10 11
8 14 11 15
8 14 13 11
9 9 11 12
9 10 10 12
9 10 14 14
9 12 9 13
9 13 15 12
9 14 14 14
10 11 14 15
11 14 14 15
11 15 12 13
12 12 13 14
12 13 15 15
