11 8
0 0 2 1
0 0 2 3
0 0 3 2
0 0 4 3
0 1 5 4
0 1 7 4
0 1 8 1
0 1 8 4
0 1 9 2
0 1 9 3
0 1 11 3
0 1 12 4
0 1 13 4
0 2 6 1
0 2 7 4
0 2 8 3
0 2 10 1
0 2 10 3
0 2 11 2
0 2 13 3
0 3 6 2
0 3 8 1
0 3 8 2
0 3 9 2
0 3 12 1
0 3 12 3
0 3 13 4
0 4 6 1
0 4 6 2
0 4 7 1
0 4 7 2
0 4 9 2
0 4 11 4
0 4 13 1
5 5 12 13
5 6 7 12
5 6 9 9
5 6 9 11
5 6 9 13
5 7 8 10
5 8 10 10
5 8 12 7
5 9 7 6
5 9 8 6
5 9 11 11
5 9 12 10
5 9 12 12
5 9 13 6
5 10 9 8
5 10 9 11
5 10 12 12
5 10 13 6
5 10 13 13
5 11 6 6
5 11 8 11
5 11 9 11
5 11 10 10
5 11 11 9
5 12 6 12
5 13 8 13
6 6 8 10
6 7 8 7
6 7 10 7
6 7 10 11
6 7 13 8
6 7 13 12
6 8 8 13
6 8 11 10
6 8 11 12
6 10 8 13
6 12 11 13
6 13 11 7
7 7 12 13
7 8 7 13
7 9 7 11
7 9 8 10
7 9 12 12
7 10 7 12
7 10 12 10
7 12 13 11
8 9 13 11
8 10 8 12
8 11 11 13
8 12 9 12
8 13 9 13
9 9 10 10
9 10 12 10
9 13 10 11
