17 5
0 0 1 1
0 0 4 2
0 0 4 3
0 0 5 4
0 1 7 4
0 1 7 5
0 1 8 5
0 1 9 3
0 1 9 5
0 1 10 2
0 1 12 2
0 2 6 1
0 2 6 4
0 2 6 5
0 2 9 1
0 2 9 2
0 2 11 1
0 2 11 2
0 2 13 4
0 3 6 4
0 3 8 3
0 3 8 5
0 3 10 1
0 3 10 3
0 3 11 2
0 3 13 3
0 3 13 4
0 4 6 5
0 4 9 3
0 4 10 3
0 4 12 2
0 4 13 1
0 4 13 5
0 5 6 1
0 5 9 4
0 5 10 3
0 5 10 5
0 5 11 1
0 5 12 2
0 5 12 4
6 6 8 7
6 6 10 8
6 6 13 10
6 7 8 12
6 8 7 9
6 8 8 9
6 8 12 8
6 8 12 10
6 8 12 11
6 9 13 8
6 10 7 10
6 10 8 8
6 11 6 13
6 11 10 8
6 12 10 10
6 12 11 7
6 12 11 11
6 13 13 10
7 8 7 12
7 8 11 9
7 8 12 11
7 8 13 8
7 9 9 9
7 9 10 9
7 9 11 13
7 9 12 9
7 9 13 12
7 10 7 12
7 10 13 11
7 11 8 11
7 11 11 8
7 11 11 12
7 11 12 10
7 11 13 8
7 12 12 10
7 12 13 9
7 13 10 8
8 9 9 9
8 13 12 13
9 9 13 12
9 12 11 13
9 12 13 13
9 13 11 10
10 10 13 11
10 12 13 11
