14 11
0 0 1 1
0 0 1 3
0 0 4 2
0 0 4 3
0 1 5 1
0 1 5 2
0 1 7 2
0 1 7 3
0 1 11 2
0 1 11 3
0 1 12 2
0 1 15 1
0 1 15 2
0 1 17 4
0 2 6 3
0 2 6 4
0 2 7 4
0 2 8 4
0 2 10 1
0 2 10 2
0 2 10 4
0 2 12 1
0 2 14 2
0 2 15 2
0 2 16 4
0 2 17 4
0 3 5 1
0 3 6 1
0 3 6 2
0 3 8 4
0 3 9 3
0 3 9 4
0 3 10 4
0 3 11 1
0 3 11 3
0 3 12 1
0 3 16 1
0 4 6 3
0 4 7 2
0 4 8 3
0 4 12 1
0 4 13 1
0 4 14 3
0 4 15 3
0 4 16 2
0 4 17 4
5 5 7 16
5 5 8 8
5 5 14 11
5 5 16 10
5 8 8 7
5 8 11 11
5 8 17 13
5 9 7 15
5 10 5 16
5 10 17 16
5 11 6 7
5 11 10 17
5 11 13 17
5 12 5 15
5 12 9 6
5 12 13 8
5 12 13 17
5 13 9 14
5 13 13 16
5 13 14 14
5 13 15 14
5 14 9 16
5 15 11 16
5 15 13 11
5 16 7 9
5 16 14 13
5 17 6 10
5 17 6 17
5 17 16 9
6 6 17 8
6 7 6 11
6 7 7 7
6 7 9 17
6 8 11 17
6 8 12 11
6 10 7 15
6 10 10 10
6 10 13 15
6 10 14 10
6 10 14 12
6 10 17 17
6 11 9 15
6 11 10 15
6 11 13 16
6 12 6 16
6 12 11 7
6 13 10 11
6 13 12 8
6 14 9 13
6 15 11 10
6 16 9 10
6 16 14 14
6 16 15 7
6 17 7 8
6 17 12 17
7 7 8 16
7 8 7 13
7 8 8 14
7 8 17 9
7 9 12 8
7 9 14 15
7 9 14 16
7 9 15 15
7 10 13 9
7 11 13 10
7 12 15 10
7 13 15 9
7 14 12 12
7 14 12 13
7 15 11 17
7 15 13 11
7 16 13 13
7 17 12 16
8 8 9 9
8 8 16 13
8 9 8 15
8 9 10 13
8 9 16 12
8 11 8 12
8 11 11 9
8 12 10 11
8 14 16 12
8 16 16 9
8 17 14 15
9 9 16 14
9 13 11 10
9 13 14 12
9 14 9 17
9 14 11 12
9 14 17 13
9 15 13 13
9 17 10 12
10 11 13 13
10 11 16 12
10 12 12 17
10 12 17 16
10 13 15 12
10 15 14 15
10 15 14 16
11 11 17 17
11 15 12 14
11 17 16 13
12 12 17 14
12 15 15 14
14 14 16 16
14 14 17 17
14 17 15 15
15 15 16 16
