20 16
0 0 1 1
0 0 2 5
0 0 4 1
0 0 4 3
0 1 6 2
0 1 6 3
0 1 6 5
0 1 7 3
0 1 8 1
0 1 9 3
0 1 9 4
0 1 10 4
0 1 12 4
0 1 13 2
0 1 14 1
0 1 20 2
0 1 22 2
0 2 6 2
0 2 7 3
0 2 9 3
0 2 10 4
0 2 11 4
0 2 15 4
0 2 16 2
0 2 16 4
0 2 17 2
0 2 18 5
0 2 19 4
0 2 20 2
0 2 23 5
0 3 6 1
0 3 7 1
0 3 7 3
0 3 7 5
0 3 8 3
0 3 9 3
0 3 9 4
0 3 11 1
0 3 14 5
0 3 19 2
0 3 20 4
0 3 20 5
0 3 21 5
0 3 24 1
0 4 7 1
0 4 10 3
0 4 13 5
0 4 16 3
0 4 16 4
0 4 17 2
0 4 20 1
0 4 20 3
0 4 20 5
0 4 21 5
0 4 22 3
0 5 7 2
0 5 9 2
0 5 13 4
0 5 14 1
0 5 14 2
0 5 14 5
0 5 17 1
0 5 20 3
0 5 21 4
0 5 22 2
0 5 23 1
0 5 24 1
0 5 24 5
6 6 9 8
6 6 9 13
6 6 13 7
6 7 11 20
6 7 17 23
6 7 21 9
6 8 6 19
6 8 8 14
6 8 13 14
6 8 15 23
6 9 12 16
6 11 8 13
6 11 14 10
6 11 20 14
6 12 6 16
6 13 6 14
6 13 17 10
6 13 19 9
6 13 21 15
6 14 6 16
6 14 17 15
6 14 22 14
6 15 13 24
6 15 14 14
6 15 21 24
6 16 9 12
6 16 17 19
6 16 18 19
6 16 23 15
6 17 6 21
6 18 10 10
6 19 11 12
6 20 18 18
6 21 7 15
6 21 16 20
6 21 19 17
6 21 20 20
6 22 9 9
6 22 11 7
6 22 15 10
6 22 20 8
6 22 21 10
6 24 7 20
6 24 9 17
6 24 24 10
7 7 14 10
7 7 17 18
7 7 20 9
7 12 8 19
7 13 8 23
7 13 11 22
7 13 16 9
7 13 16 24
7 14 10 21
7 14 15 16
7 14 17 9
7 14 19 9
7 14 21 23
7 15 20 10
7 15 20 24
7 16 10 17
7 16 13 10
7 16 19 9
7 16 22 12
7 16 22 21
7 16 23 23
7 17 17 12
7 18 7 23
7 18 9 21
7 18 17 14
7 18 18 11
7 18 18 14
7 19 8 15
7 19 12 16
7 19 15 17
7 19 19 12
7 20 10 15
7 21 10 24
7 21 15 18
7 21 18 20
7 22 11 21
7 22 22 18
7 24 10 8
7 24 21 12
7 24 22 24
8 8 9 23
8 8 16 17
8 8 22 14
8 8 22 24
8 9 22 22
8 10 19 20
8 11 14 24
8 12 12 22
8 12 12 24
8 13 17 22
8 13 21 22
8 14 14 12
8 14 15 13
8 14 15 19
8 14 18 20
8 14 21 13
8 14 22 17
8 15 22 10
8 15 23 12
8 16 23 12
8 17 16 23
8 17 18 24
8 18 18 20
8 18 21 12
8 18 24 23
8 19 11 23
8 19 15 15
8 19 17 16
8 19 23 23
8 20 11 23
8 20 17 19
8 21 17 21
8 21 20 12
8 21 23 19
8 22 21 17
8 23 16 17
8 23 18 18
8 24 9 13
8 24 10 9
8 24 21 16
9 9 9 21
9 9 11 24
9 9 13 23
9 10 9 12
9 10 13 13
9 10 20 22
9 10 23 10
9 11 12 13
9 11 20 24
9 11 24 14
9 12 14 13
9 12 15 23
9 13 20 19
9 14 13 11
9 16 9 23
9 16 10 13
9 16 18 13
9 17 22 10
9 19 11 22
9 19 13 12
9 19 22 14
9 20 11 17
9 21 20 21
9 21 21 10
9 22 13 24
9 22 24 19
9 23 24 17
10 11 20 12
10 11 20 16
10 12 10 17
10 12 11 18
10 12 21 23
10 13 11 11
10 14 19 17
10 15 16 18
10 17 14 23
10 17 15 15
10 18 10 21
10 18 19 14
10 19 11 15
10 19 18 13
10 19 18 15
10 19 24 12
10 20 11 12
10 20 14 15
10 20 16 19
10 20 18 15
10 22 22 24
10 23 18 15
10 24 15 17
10 24 15 20
10 24 23 21
11 11 19 20
11 12 15 13
11 12 15 19
11 12 22 22
11 13 15 22
11 13 17 13
11 15 21 12
11 15 22 17
11 15 23 12
11 15 23 19
11 16 21 17
11 17 13 24
11 18 17 18
11 18 20 18
11 18 23 16
11 19 13 15
11 19 18 16
11 20 13 22
11 21 11 24
11 21 19 23
11 21 21 24
11 21 22 21
11 23 12 17
11 23 14 12
11 23 24 14
11 24 22 19
12 12 12 18
12 14 23 13
12 15 24 14
12 16 13 14
12 17 20 18
12 17 22 16
12 19 19 18
12 20 12 24
12 20 17 21
12 20 23 16
12 21 21 23
12 21 23 16
12 23 12 24
12 24 18 15
13 13 17 19
13 15 19 16
13 16 16 16
13 16 18 14
13 16 20 15
13 17 19 17
13 17 24 18
13 17 24 24
13 19 20 20
13 22 22 16
13 24 19 14
14 16 17 18
14 18 22 23
14 20 23 17
14 22 16 16
14 22 16 24
14 22 20 24
14 22 22 23
14 23 21 15
15 15 22 22
15 15 24 21
15 18 16 18
15 19 18 22
15 20 18 18
15 20 22 18
15 23 19 24
16 19 22 17
16 20 21 17
16 23 19 23
17 23 23 23
17 24 18 21
17 24 19 21
18 23 24 22
18 24 23 20
19 20 21 23
