18 15
0 0 4 5
0 0 5 1
0 0 5 2
0 0 5 5
0 1 6 2
0 1 7 1
0 1 9 4
0 1 10 4
0 1 11 2
0 1 11 5
0 1 12 5
0 1 16 1
0 1 16 4
0 1 17 1
0 1 20 2
0 1 21 5
0 1 23 2
0 2 6 1
0 2 7 1
0 2 8 3
0 2 10 3
0 2 11 1
0 2 11 5
0 2 13 1
0 2 15 3
0 2 16 1
0 2 18 5
0 2 19 3
0 2 21 2
0 2 22 1
0 3 8 4
0 3 9 2
0 3 12 2
0 3 14 3
0 3 14 4
0 3 16 3
0 3 17 5
0 3 18 2
0 3 18 3
0 3 19 1
0 3 20 2
0 3 23 4
0 4 9 5
0 4 10 3
0 4 10 5
0 4 11 3
0 4 12 3
0 4 13 1
0 4 13 4
0 4 14 3
0 4 17 3
0 4 22 4
0 4 22 5
0 5 7 4
0 5 12 4
0 5 13 2
0 5 17 4
0 5 19 2
0 5 20 5
0 5 21 2
0 5 21 4
0 5 22 1
6 6 19 22
6 7 9 8
6 7 10 11
6 7 16 18
6 7 20 14
6 7 23 15
6 9 9 14
6 9 11 23
6 9 14 21
6 9 18 18
6 10 8 15
6 10 10 17
6 10 22 13
6 11 8 11
6 11 9 18
6 11 16 15
6 11 20 10
6 11 22 12
6 12 7 8
6 12 7 14
6 12 8 14
6 12 9 19
6 12 23 9
6 13 8 18
6 13 11 16
6 13 17 17
6 13 20 10
6 15 17 14
6 16 10 10
6 16 16 9
6 16 16 14
6 16 17 19
6 17 14 21
6 17 18 20
6 18 13 15
6 18 14 23
6 18 15 13
6 18 16 13
6 18 23 19
6 19 9 7
6 19 17 10
6 19 18 22
6 20 18 8
6 21 17 12
6 21 17 21
6 21 19 17
6 23 16 9
7 7 17 10
7 8 11 9
7 9 17 12
7 10 21 20
7 10 21 22
7 10 22 10
7 11 13 9
7 11 13 14
7 12 8 10
7 12 8 14
7 13 8 14
7 13 13 14
7 13 18 18
7 13 20 9
7 14 19 22
7 15 11 9
7 16 11 16
7 16 19 18
7 16 21 21
7 17 15 11
7 17 21 11
7 17 23 13
7 18 20 15
7 19 12 14
7 19 16 12
7 19 18 16
7 19 23 21
7 20 12 19
7 21 10 18
7 21 11 8
7 21 13 12
7 21 17 17
7 21 18 15
7 21 22 15
7 21 23 17
7 22 8 12
7 22 9 18
7 23 12 16
8 8 8 20
8 8 10 15
8 8 11 19
8 8 17 21
8 8 23 16
8 9 14 11
8 10 14 21
8 11 15 22
8 12 8 23
8 12 12 10
8 12 22 22
8 14 20 13
8 15 9 20
8 17 9 11
8 17 12 15
8 18 20 21
8 19 18 23
8 19 20 14
8 20 12 22
8 20 15 19
8 20 18 9
8 21 12 19
8 21 22 11
8 22 9 23
8 22 20 12
8 23 9 22
8 23 10 15
8 23 14 15
9 10 12 16
9 11 20 14
9 12 17 23
9 13 15 21
9 13 20 20
9 15 11 20
9 15 20 16
9 15 21 19
9 15 21 22
9 16 12 11
9 16 23 16
9 17 11 11
9 19 9 21
9 19 20 16
9 20 13 22
9 20 14 20
9 21 15 20
9 22 17 19
9 22 17 23
9 22 20 15
9 23 11 13
9 23 19 12
10 10 11 17
10 10 11 20
10 10 21 16
10 11 12 15
10 12 11 13
10 12 13 16
10 14 18 13
10 14 22 14
10 14 23 11
10 14 23 18
10 15 16 13
10 16 16 14
10 16 19 16
10 17 14 17
10 17 15 12
10 17 22 21
10 18 14 14
10 22 15 22
10 22 19 20
10 23 17 23
10 23 23 21
11 11 15 13
11 12 13 15
11 15 14 15
11 15 18 23
11 18 23 18
11 20 18 21
11 21 17 16
11 22 12 13
11 22 12 22
11 23 18 22
11 23 20 23
12 12 13 23
12 15 13 19
12 15 15 16
12 16 13 22
12 16 19 16
12 17 14 13
12 17 17 18
12 19 14 22
12 19 18 21
12 22 17 18
13 13 20 20
13 14 14 19
13 14 18 19
13 15 17 16
13 15 22 14
13 16 15 17
13 17 19 21
13 18 15 17
13 21 15 19
13 21 18 18
13 22 22 20
13 23 19 23
14 14 15 20
14 14 20 18
14 15 19 19
14 21 17 20
14 21 22 17
14 23 18 16
14 23 23 17
15 15 19 19
15 16 23 16
15 20 18 19
15 23 21 19
16 17 23 18
16 21 20 20
16 23 17 19
16 23 18 22
18 21 22 20
18 22 22 19
18 23 23 19
20 20 21 22
