20 14
0 0 1 4
0 0 2 1
0 0 3 3
0 0 4 1
0 1 6 3
0 1 9 2
0 1 9 3
0 1 10 4
0 1 14 2
0 1 16 3
0 1 16 4
0 1 17 2
0 1 21 2
0 1 22 1
0 1 22 5
0 1 23 3
0 2 6 2
0 2 7 4
0 2 8 4
0 2 10 2
0 2 12 4
0 2 13 1
0 2 13 2
0 2 13 5
0 2 15 4
0 2 15 5
0 2 17 1
0 2 20 2
0 3 7 5
0 3 9 5
0 3 10 1
0 3 10 3
0 3 15 1
0 3 15 4
0 3 19 5
0 3 20 1
0 3 21 1
0 3 22 4
0 3 22 5
0 3 23 3
0 4 6 5
0 4 7 4
0 4 8 2
0 4 12 5
0 4 13 2
0 4 15 2
0 4 15 5
0 4 16 3
0 4 18 5
0 4 19 3
0 4 21 1
0 4 23 4
0 5 8 1
0 5 11 2
0 5 12 3
0 5 13 3
0 5 15 2
0 5 16 1
0 5 16 3
0 5 18 5
0 5 19 4
0 5 20 1
0 5 20 3
0 5 23 4
6 6 23 23
6 7 8 22
6 7 10 16
6 7 16 16
6 7 22 20
6 8 7 12
6 9 11 15
6 10 18 9
6 10 18 12
6 11 13 11
6 11 16 22
6 11 20 10
6 11 21 17
6 12 7 13
6 12 16 21
6 12 20 18
6 13 7 14
6 14 9 16
6 14 12 10
6 14 23 7
6 14 23 18
6 15 17 7
6 16 22 22
6 17 12 12
6 17 16 15
6 17 18 10
6 17 19 21
6 17 23 8
6 18 8 16
6 18 23 13
6 19 20 23
6 19 21 14
6 20 6 22
6 20 7 9
6 20 14 11
6 21 14 9
6 21 17 19
6 21 19 10
6 22 8 23
6 22 13 7
6 22 13 20
6 22 16 11
6 22 23 11
6 23 7 12
6 23 7 19
6 23 9 14
6 23 10 20
7 7 8 10
7 8 18 15
7 8 19 18
7 9 8 11
7 9 13 18
7 9 16 9
7 9 16 18
7 10 9 10
7 10 10 13
7 10 15 10
7 10 21 17
7 11 19 12
7 12 7 15
7 12 16 17
7 12 20 8
7 13 17 17
7 13 18 15
7 15 18 18
7 16 16 12
7 16 18 16
7 17 18 10
7 19 12 12
7 19 14 11
7 19 14 23
7 19 17 12
7 19 19 11
7 20 13 16
7 21 7 22
7 21 18 10
7 22 19 20
7 22 21 8
7 22 23 9
7 23 11 18
8 8 8 12
8 8 15 20
8 8 17 9
8 8 18 11
8 9 11 14
8 9 13 22
8 10 23 15
8 11 14 17
8 12 11 11
8 12 16 19
8 12 21 9
8 13 15 18
8 13 20 14
8 14 19 11
8 14 21 15
8 14 22 11
8 15 15 22
8 16 14 11
8 17 10 13
8 17 13 23
8 18 11 9
8 18 12 19
8 19 14 23
8 19 21 13
8 20 9 14
8 20 10 9
8 20 23 10
8 21 10 15
8 21 20 16
8 21 21 10
8 22 11 14
8 22 13 22
8 23 9 17
9 10 12 13
9 10 15 11
9 11 18 22
9 12 19 20
9 12 23 12
9 13 16 17
9 13 20 14
9 14 21 19
9 15 17 11
9 15 21 15
9 16 14 16
9 16 20 13
9 17 14 14
9 17 20 22
9 17 23 12
9 17 23 18
9 18 15 18
9 18 18 11
9 19 17 17
9 19 20 20
9 20 11 15
9 20 17 14
9 20 18 13
9 21 14 17
9 21 16 20
9 21 22 17
9 22 16 18
9 23 16 22
10 10 10 11
10 10 11 16
10 10 13 19
10 11 12 11
10 11 17 14
10 13 17 17
10 13 23 16
10 14 21 21
10 17 13 16
10 18 17 12
10 19 12 23
10 20 15 18
10 21 15 21
10 21 15 22
10 22 11 20
10 22 12 11
10 22 17 17
10 23 12 16
11 11 19 13
11 11 19 16
11 13 16 12
11 14 18 15
11 15 21 12
11 15 21 20
11 18 23 13
11 19 14 14
11 19 23 21
11 21 12 22
11 21 13 14
11 22 18 13
11 23 14 22
12 12 12 17
12 13 15 17
12 13 18 14
12 14 14 20
12 15 17 16
12 15 20 21
12 17 19 13
12 17 21 16
12 18 13 22
12 18 14 14
12 20 16 15
12 23 19 23
13 13 14 19
13 13 21 21
13 14 17 17
13 14 20 18
13 22 15 18
13 22 16 19
13 22 20 16
13 22 20 19
13 23 19 21
14 15 18 18
14 15 22 21
14 15 23 22
14 20 15 19
14 20 16 22
14 21 15 20
14 23 21 21
14 23 23 20
15 15 23 18
15 16 19 20
15 17 17 19
15 18 20 19
15 20 23 21
15 21 18 19
15 23 16 16
16 16 19 23
16 21 17 17
16 22 23 23
17 19 22 20
17 23 18 19
18 19 19 23
18 22 20 21
19 21 22 22
