12 10
0 0 2 2
0 0 2 3
0 0 3 2
0 0 4 2
0 1 5 1
0 1 5 4
0 1 6 4
0 1 7 3
0 1 10 3
0 1 11 2
0 1 11 4
0 1 13 3
0 1 14 3
0 1 14 4
0 2 6 4
0 2 7 1
0 2 8 2
0 2 9 1
0 2 9 2
0 2 10 1
0 2 10 2
0 2 15 3
0 3 5 1
0 3 5 4
0 3 8 1
0 3 8 4
0 3 9 2
0 3 10 1
0 3 13 4
0 3 14 3
0 3 15 4
0 4 5 1
0 4 5 3
0 4 8 2
0 4 9 1
0 4 9 2
0 4 13 3
0 4 13 4
0 4 14 1
0 4 15 3
5 5 7 13
5 5 9 9
5 5 10 10
5 5 13 14
5 5 15 6
5 5 15 7
5 8 6 9
5 8 15 11
5 9 5 15
5 9 9 12
5 9 9 13
5 9 15 9
5 11 5 12
5 11 5 13
5 11 11 12
5 12 8 11
5 14 15 13
5 15 11 10
5 15 13 14
6 6 7 8
6 6 10 7
6 6 10 12
6 7 6 8
6 7 9 15
6 7 12 14
6 8 12 13
6 8 12 14
6 9 8 9
6 9 13 15
6 10 6 11
6 10 6 12
6 10 14 11
6 11 10 10
6 11 11 7
6 11 12 8
6 12 12 7
6 12 14 10
6 12 15 10
6 13 6 14
6 14 8 12
6 15 8 8
6 15 12 10
7 7 7 13
7 7 12 15
7 7 14 8
7 8 8 15
7 8 9 13
7 8 11 14
7 8 15 15
7 9 15 10
7 10 11 10
7 10 11 11
7 11 7 14
7 11 11 11
7 11 13 13
7 12 10 13
7 12 11 14
7 15 13 14
8 9 9 9
8 9 12 15
8 9 15 13
8 10 11 14
8 10 14 11
8 12 12 15
8 12 13 13
8 13 14 13
8 14 10 9
8 15 14 15
9 11 10 15
9 13 10 15
9 13 15 14
9 14 12 14
9 14 13 14
10 10 12 12
10 11 13 12
10 12 14 14
10 13 12 12
11 12 11 13
11 15 13 14
12 13 14 15
