9 7
0 0 1 3
0 0 2 2
0 0 2 3
0 0 3 1
0 1 4 1
0 1 6 3
0 1 7 2
0 1 7 3
0 1 8 1
0 1 9 1
0 1 10 1
0 1 10 2
0 1 10 3
0 2 4 1
0 2 5 2
0 2 7 2
0 2 8 1
0 2 8 2
0 2 9 1
0 2 9 3
0 3 4 2
0 3 5 1
0 3 5 2
0 3 5 3
0 3 6 1
0 3 7 3
0 3 8 2
0 3 8 3
4 4 7 6
4 4 7 9
4 4 9 5
4 4 9 8
4 5 5 10
4 5 7 9
4 5 8 7
4 6 5 10
4 6 6 6
4 7 5 7
4 7 6 6
4 7 8 5
4 9 7 8
4 9 8 10
4 9 9 10
4 10 7 8
4 10 7 10
5 5 8 9
5 6 6 6
5 6 7 7
5 6 9 6
5 6 9 7
5 6 10 7
5 6 10 10
5 7 6 9
5 8 10 8
5 9 8 10
5 10 10 9
6 6 7 8
6 8 6 10
6 8 9 10
7 8 8 9
7 9 8 10
7 10 9 8
8 8 9 10
