17 12
0 0 1 3
0 0 1 5
0 0 4 1
0 0 5 5
0 1 6 3
0 1 7 4
0 1 13 3
0 1 15 4
0 1 16 1
0 1 16 2
0 1 17 4
0 1 18 3
0 1 20 1
0 2 6 5
0 2 8 2
0 2 9 1
0 2 10 1
0 2 11 2
0 2 12 2
0 2 14 3
0 2 15 1
0 2 16 5
0 2 18 2
0 2 18 3
0 3 6 2
0 3 6 3
0 3 10 2
0 3 11 4
0 3 13 1
0 3 14 2
0 3 15 1
0 3 18 4
0 3 18 5
0 3 19 4
0 3 20 2
0 4 6 5
0 4 9 2
0 4 10 4
0 4 12 5
0 4 13 3
0 4 15 2
0 4 16 1
0 4 18 5
0 4 19 4
0 4 20 5
0 5 6 5
0 5 7 4
0 5 8 1
0 5 9 1
0 5 9 3
0 5 10 3
0 5 17 4
0 5 19 3
0 5 20 4
6 7 8 20
6 7 9 11
6 7 18 17
6 8 7 16
6 8 10 12
6 8 12 10
6 8 13 16
6 9 7 17
6 9 17 18
6 9 18 20
6 10 18 14
6 10 18 18
6 11 9 12
6 11 9 13
6 11 20 20
6 12 6 14
6 12 12 10
6 13 13 7
6 13 18 8
6 14 9 7
6 14 12 20
6 14 14 20
6 14 18 12
6 16 7 15
6 16 9 8
6 16 12 13
6 16 20 20
6 17 10 11
6 17 15 11
6 17 15 17
6 18 8 15
6 18 9 13
6 18 13 17
6 18 17 11
6 18 19 20
6 18 20 8
6 20 14 18
7 7 7 11
7 7 8 11
7 8 11 8
7 8 16 11
7 9 8 17
7 9 10 8
7 9 16 12
7 11 14 19
7 11 20 19
7 12 10 9
7 12 10 12
7 12 19 13
7 12 19 15
7 12 20 13
7 13 12 17
7 14 13 18
7 14 15 20
7 15 12 14
7 16 9 10
7 16 19 19
7 17 13 20
7 17 16 8
7 18 10 11
7 18 16 8
7 19 12 12
7 19 14 15
7 19 14 20
7 20 9 12
7 20 11 19
7 20 14 16
7 20 15 19
8 8 19 9
8 9 11 15
8 9 12 11
8 10 14 11
8 11 15 14
8 12 18 11
8 13 12 14
8 14 14 12
8 14 14 16
8 14 16 16
8 15 13 11
8 15 14 11
8 15 15 13
8 15 18 11
8 15 20 15
8 16 17 11
8 16 19 12
8 17 14 19
8 18 10 12
8 18 15 20
8 19 9 15
8 19 13 14
8 20 10 10
8 20 15 12
9 9 9 13
9 9 19 15
9 10 11 20
9 10 19 10
9 13 15 17
9 13 16 10
9 13 16 20
9 13 18 13
9 14 20 16
9 15 10 17
9 15 16 19
9 17 18 16
9 17 19 13
9 18 18 15
9 19 13 12
9 19 15 18
9 19 17 12
9 20 20 12
10 10 12 16
10 10 20 19
10 12 20 14
10 13 19 11
10 14 16 11
10 15 10 16
10 15 11 11
10 15 12 19
10 15 18 16
10 16 15 14
10 16 16 19
10 17 15 17
10 17 17 11
10 17 19 11
10 19 16 13
10 20 14 17
10 20 15 13
11 11 13 17
11 12 11 15
11 12 18 13
11 13 16 14
11 13 19 14
11 14 16 13
11 17 13 12
11 17 17 17
11 19 14 18
12 14 14 16
12 17 18 15
12 18 14 13
12 19 13 15
12 19 17 14
13 13 16 19
13 19 14 20
13 20 18 16
13 20 19 14
14 15 15 20
15 16 20 17
16 17 17 19
17 17 18 18
17 18 17 19
