16 6
0 0 1 2
0 0 2 3
0 0 4 1
0 0 4 4
0 1 5 1
0 1 6 1
0 1 7 4
0 1 9 3
0 1 11 2
0 1 11 4
0 1 12 3
0 1 13 1
0 1 13 4
0 2 5 1
0 2 5 2
0 2 6 3
0 2 7 1
0 2 9 3
0 2 10 4
0 2 12 2
0 2 13 2
0 2 13 3
0 3 5 2
0 3 5 4
0 3 6 4
0 3 7 1
0 3 9 2
0 3 10 1
0 3 11 4
0 3 12 1
0 3 12 3
0 3 13 4
0 4 5 3
0 4 7 2
0 4 8 3
0 4 9 1
0 4 9 2
0 4 9 3
0 4 10 4
0 4 12 2
5 5 6 6
5 5 8 13
5 5 12 9
5 6 10 7
5 7 7 7
5 7 8 8
5 8 6 9
5 8 11 6
5 8 12 11
5 8 13 7
5 9 7 6
5 9 7 11
5 10 6 9
5 10 7 6
5 11 7 12
5 12 7 11
5 12 8 11
5 13 7 8
5 13 10 10
5 13 10 11
5 13 12 8
6 6 6 11
6 7 9 10
6 7 11 8
6 7 13 8
6 8 8 11
6 8 12 8
6 8 12 9
6 9 9 7
6 9 9 9
6 10 10 13
6 11 12 11
6 12 7 8
6 12 9 10
6 12 10 13
6 12 12 11
6 13 8 9
6 13 10 11
7 7 10 8
7 8 9 13
7 8 10 12
7 8 11 11
7 10 13 11
7 11 10 8
7 11 13 12
7 13 11 9
8 8 12 13
8 10 10 12
8 11 9 11
8 12 10 13
9 10 10 11
9 10 12 12
9 10 13 12
9 13 12 11
9 13 13 10
10 13 13 11
