15 6
0 0 1 1
0 0 1 2
0 0 2 4
0 0 3 2
0 1 6 2
0 1 7 2
0 1 8 2
0 1 9 1
0 1 11 3
0 1 12 1
0 1 12 4
0 1 13 4
0 2 6 3
0 2 7 1
0 2 7 3
0 2 8 3
0 2 8 4
0 2 9 2
0 2 9 3
0 2 10 4
0 2 11 4
0 3 5 2
0 3 6 1
0 3 6 4
0 3 9 1
0 3 10 1
0 3 11 4
0 3 12 1
0 3 13 2
0 4 5 1
0 4 5 3
0 4 7 2
0 4 7 3
0 4 9 2
0 4 11 3
0 4 11 4
0 4 12 1
0 4 13 3
5 5 9 10
5 5 10 12
5 5 13 8
5 6 8 11
5 6 9 10
5 6 11 10
5 7 5 10
5 7 6 12
5 7 9 12
5 8 6 10
5 8 6 13
5 8 9 12
5 9 7 6
5 9 10 9
5 9 12 10
5 10 6 9
5 10 6 13
5 11 7 8
5 11 10 7
5 11 13 9
5 13 12 6
6 6 8 11
6 6 10 13
6 6 13 9
6 7 11 11
6 7 13 12
6 10 6 13
6 11 12 8
6 12 11 13
6 13 7 9
6 13 13 8
7 7 11 10
7 7 12 9
7 7 13 8
7 8 10 11
7 8 12 9
7 10 10 13
7 11 10 12
7 11 12 12
7 11 13 12
7 13 8 12
7 13 10 12
8 8 9 9
8 8 9 10
8 8 11 13
8 8 13 10
8 9 13 11
8 12 11 12
8 12 12 11
8 13 10 13
9 10 9 12
9 11 10 11
