19 14
0 0 3 2
0 0 3 3
0 0 4 3
0 0 5 3
0 1 6 4
0 1 7 4
0 1 8 1
0 1 9 2
0 1 9 4
0 1 14 5
0 1 19 3
0 1 20 1
0 1 20 2
0 1 20 4
0 1 21 2
0 1 22 1
0 1 22 4
0 2 9 4
0 2 11 5
0 2 12 4
0 2 12 5
0 2 13 1
0 2 13 2
0 2 15 2
0 2 16 2
0 2 18 3
0 2 19 1
0 2 19 3
0 2 21 2
0 2 22 2
0 3 6 5
0 3 7 2
0 3 9 4
0 3 11 1
0 3 12 1
0 3 12 5
0 3 16 1
0 3 18 5
0 3 20 4
0 3 21 5
0 4 8 1
0 4 8 4
0 4 11 5
0 4 12 2
0 4 15 2
0 4 16 5
0 4 17 3
0 4 17 5
0 4 18 3
0 4 19 2
0 4 19 5
0 5 6 3
0 5 10 1
0 5 10 3
0 5 10 4
0 5 11 3
0 5 12 1
0 5 13 1
0 5 13 3
0 5 13 5
0 5 14 1
0 5 14 4
6 6 6 15
6 6 9 7
6 6 13 17
6 7 14 11
6 7 15 12
6 8 10 11
6 8 16 7
6 9 10 8
6 9 11 14
6 9 14 17
6 9 18 8
6 9 21 22
6 10 6 20
6 10 10 12
6 11 8 13
6 11 9 9
6 11 10 18
6 12 7 10
6 12 11 11
6 12 22 21
6 13 12 17
6 13 14 22
6 13 15 13
6 14 12 10
6 15 9 7
6 15 11 12
6 15 16 20
6 16 8 10
6 16 9 17
6 16 19 22
6 17 15 8
6 18 8 17
6 18 11 21
6 18 20 17
6 20 8 11
6 20 11 17
6 20 17 11
6 21 13 7
6 21 14 12
6 21 20 10
6 22 8 7
6 22 19 8
6 22 20 18
6 22 22 18
7 7 13 22
7 7 14 18
7 7 20 18
7 7 20 22
7 7 21 17
7 8 8 20
7 8 15 12
7 9 22 10
7 10 20 11
7 10 20 19
7 10 20 20
7 11 16 18
7 12 9 14
7 12 14 8
7 13 8 19
7 13 10 17
7 15 9 9
7 15 17 18
7 15 19 21
7 16 10 16
7 16 11 17
7 18 16 16
7 18 19 8
7 18 19 12
7 19 12 9
7 19 17 9
7 19 17 15
7 19 17 21
7 20 12 16
7 20 15 12
7 20 15 14
7 20 19 14
7 21 16 14
7 21 17 16
7 22 8 13
7 22 17 17
7 22 22 22
8 8 11 15
8 8 17 14
8 8 21 17
8 9 22 15
8 10 14 15
8 10 18 13
8 10 20 13
8 10 22 20
8 11 10 16
8 11 17 19
8 11 22 19
8 12 17 18
8 13 8 15
8 13 11 12
8 14 13 9
8 14 14 18
8 15 9 21
8 17 9 16
8 17 12 15
8 18 12 12
8 18 14 10
8 18 21 12
8 19 22 21
8 21 21 13
8 22 16 18
8 22 19 9
8 22 19 16
9 9 10 16
9 10 16 12
9 10 17 21
9 12 10 18
9 12 21 11
9 13 19 19
9 13 20 10
9 13 22 14
9 14 18 19
9 14 20 13
9 15 12 12
9 15 12 16
9 15 19 22
9 15 21 19
9 16 14 18
9 17 11 16
9 17 16 12
9 17 18 14
9 17 22 12
9 18 19 10
9 19 20 13
9 20 12 14
9 20 12 22
9 21 10 15
9 22 17 22
9 22 19 20
10 11 11 21
10 11 14 13
10 11 17 14
10 11 17 16
10 11 18 21
10 13 13 14
10 14 17 16
10 15 15 11
10 15 15 17
10 15 15 22
10 15 21 22
10 16 12 18
10 16 15 20
10 18 21 21
10 19 10 21
10 19 19 17
10 19 20 13
10 20 17 12
10 22 13 20
11 11 17 18
11 12 18 14
11 13 13 17
11 13 21 22
11 14 14 14
11 14 14 16
11 15 15 20
11 16 15 13
11 16 15 18
11 16 17 22
11 17 16 12
11 18 15 18
11 18 21 20
11 20 22 21
11 21 21 16
11 22 18 17
11 22 19 18
12 14 14 15
12 14 14 20
12 14 19 22
12 14 21 17
12 15 21 13
12 16 22 16
12 19 14 14
12 20 18 22
12 20 21 17
12 22 15 18
13 13 16 19
13 14 15 21
13 14 16 22
13 15 16 14
13 15 21 14
13 16 16 18
13 18 16 19
13 18 16 22
13 18 17 17
13 20 14 18
13 20 20 16
13 21 21 16
13 22 15 19
13 22 21 19
14 18 20 16
14 21 21 19
15 17 15 20
15 19 19 19
15 19 19 21
15 19 21 20
16 16 17 18
16 17 20 18
17 20 21 19
19 20 21 21
