18 13
0 0 1 2
0 0 2 5
0 0 3 4
0 0 5 5
0 1 8 3
0 1 10 2
0 1 10 3
0 1 11 3
0 1 13 1
0 1 14 5
0 1 17 2
0 1 18 5
0 1 19 4
0 1 19 5
0 1 20 4
0 2 8 3
0 2 10 2
0 2 11 4
0 2 12 1
0 2 14 2
0 2 14 3
0 2 16 1
0 2 19 1
0 2 20 1
0 2 21 2
0 2 21 4
0 3 6 2
0 3 6 4
0 3 7 1
0 3 7 3
0 3 11 3
0 3 11 4
0 3 13 1
0 3 15 4
0 3 19 3
0 3 19 5
0 3 21 5
0 4 6 4
0 4 8 1
0 4 8 2
0 4 10 3
0 4 10 5
0 4 11 4
0 4 13 4
0 4 18 1
0 4 19 2
0 4 20 2
0 4 21 1
0 5 8 1
0 5 8 2
0 5 8 5
0 5 12 5
0 5 15 3
0 5 16 3
0 5 17 3
0 5 18 1
0 5 19 5
0 5 20 2
6 6 10 17
6 6 12 16
6 6 15 19
6 7 6 14
6 7 6 17
6 7 18 15
6 8 20 18
6 8 21 7
6 9 6 12
6 9 7 19
6 9 9 9
6 9 9 14
6 9 12 10
6 9 13 7
6 9 18 7
6 9 19 15
6 10 16 11
6 11 16 14
6 12 13 16
6 13 7 15
6 13 11 9
6 13 19 17
6 15 10 8
6 15 10 13
6 15 19 18
6 15 21 12
6 16 10 15
6 16 14 15
6 16 19 20
6 17 9 11
6 17 20 8
6 18 14 9
6 18 16 19
6 19 16 13
6 20 10 7
6 20 11 10
6 20 15 12
6 20 17 9
6 21 14 20
7 7 12 12
7 7 16 15
7 8 10 13
7 9 13 13
7 9 14 14
7 9 18 19
7 10 12 10
7 11 10 8
7 11 16 18
7 12 7 18
7 12 8 20
7 13 11 10
7 13 14 21
7 13 16 17
7 13 21 11
7 14 8 16
7 14 9 17
7 14 16 17
7 15 7 18
7 15 21 21
7 16 12 15
7 16 18 8
7 16 19 14
7 16 19 20
7 17 8 10
7 17 12 8
7 17 14 16
7 18 14 13
7 18 15 11
7 18 17 14
7 19 17 17
7 20 8 9
7 20 9 17
8 9 16 13
8 9 21 19
8 10 15 19
8 10 19 16
8 11 10 19
8 11 17 19
8 11 21 17
8 12 15 10
8 12 20 13
8 13 15 10
8 13 15 11
8 14 11 11
8 14 20 20
8 15 9 10
8 15 10 12
8 16 9 21
8 16 11 9
8 16 12 20
8 16 18 21
8 17 13 17
8 17 18 16
8 18 16 13
8 18 19 10
8 19 13 14
8 20 10 13
8 20 19 13
8 21 9 20
8 21 11 14
8 21 13 10
9 9 11 20
9 9 15 18
9 10 9 19
9 11 10 16
9 11 21 11
9 12 13 14
9 12 21 19
9 13 13 10
9 14 9 17
9 14 10 11
9 14 14 14
9 15 13 12
9 18 10 18
9 18 19 14
9 20 10 10
9 21 19 14
9 21 21 21
10 10 19 11
10 11 16 12
10 12 12 18
10 12 14 18
10 13 16 12
10 13 16 15
10 13 18 11
10 15 17 11
10 18 16 12
10 20 11 21
10 20 13 11
11 12 13 16
11 13 11 17
11 14 20 13
11 15 12 18
11 15 18 21
11 16 17 18
11 16 21 13
11 17 14 15
11 18 12 20
11 19 18 19
11 19 21 14
11 20 21 15
11 21 17 15
12 12 19 13
12 13 15 15
12 13 17 14
12 14 12 16
12 14 20 20
12 15 16 18
12 16 16 15
12 17 15 18
12 17 19 19
12 18 16 21
12 20 13 20
12 20 17 20
12 20 19 16
12 20 20 19
12 21 14 21
13 15 19 18
13 19 18 17
13 21 15 14
13 21 18 17
14 14 17 17
14 15 19 16
14 15 19 20
14 16 17 17
14 17 14 20
14 20 19 17
15 16 16 20
15 16 21 17
15 17 18 21
15 18 21 21
15 20 21 20
15 21 21 19
17 18 18 21
17 21 18 18
17 21 21 20
