12 9
0 0 1 1
0 0 1 2
0 0 1 3
0 0 3 2
0 1 5 1
0 1 8 3
0 1 8 4
0 1 9 2
0 1 9 3
0 1 10 3
0 1 14 2
0 2 5 2
0 2 5 3
0 2 6 1
0 2 7 1
0 2 7 2
0 2 8 2
0 2 10 4
0 2 12 4
0 2 13 3
0 2 14 3
0 3 6 4
0 3 8 1
0 3 9 3
0 3 9 4
0 3 10 1
0 3 11 4
0 3 12 1
0 3 12 2
0 4 5 2
0 4 6 4
0 4 8 1
0 4 8 3
0 4 10 1
0 4 10 4
0 4 11 1
0 4 11 2
0 4 13 4
5 5 6 11
5 5 14 8
5 6 5 9
5 6 10 11
5 6 13 7
5 7 5 12
5 7 6 8
5 7 6 10
5 7 11 11
5 8 10 7
5 8 13 10
5 9 13 9
5 10 7 7
5 10 7 13
5 10 9 13
5 10 10 9
5 10 13 7
5 11 6 8
5 11 9 8
5 13 6 9
5 14 8 12
5 14 9 8
5 14 12 13
5 14 13 14
6 6 14 13
6 7 6 8
6 7 10 8
6 8 11 13
6 8 12 11
6 8 14 10
6 8 14 11
6 9 10 8
6 10 6 14
6 11 7 12
6 11 11 12
6 12 7 9
6 12 13 7
6 13 13 12
6 14 7 7
6 14 7 8
6 14 12 13
6 14 14 9
7 8 9 9
7 8 13 11
7 9 7 12
7 10 13 10
7 11 11 10
7 12 8 12
7 12 10 11
7 12 13 8
7 12 13 10
7 13 11 14
7 14 8 10
8 8 10 12
8 10 9 12
8 10 13 14
8 11 11 11
9 9 14 14
9 11 9 14
9 11 13 11
9 11 14 12
9 12 9 13
9 12 11 10
9 12 11 12
9 12 14 12
9 13 13 14
9 14 14 10
10 11 10 14
11 11 14 12
12 13 13 13
