18 11
0 0 2 2
0 0 2 5
0 0 3 2
0 0 4 4
0 1 6 4
0 1 6 5
0 1 9 2
0 1 9 4
0 1 11 3
0 1 14 1
0 1 14 4
0 1 18 4
0 1 19 4
0 1 20 1
0 1 20 4
0 2 8 3
0 2 10 2
0 2 13 5
0 2 14 4
0 2 15 3
0 2 15 5
0 2 17 2
0 2 18 2
0 2 20 3
0 3 7 2
0 3 10 1
0 3 11 1
0 3 11 5
0 3 12 3
0 3 13 1
0 3 15 3
0 3 15 5
0 3 18 3
0 3 20 1
0 4 7 2
0 4 8 1
0 4 9 1
0 4 9 2
0 4 9 3
0 4 13 3
0 4 14 5
0 4 19 4
0 4 19 5
0 4 20 1
0 5 8 3
0 5 10 2
0 5 11 1
0 5 13 2
0 5 13 4
0 5 17 4
0 5 18 1
0 5 18 5
0 5 19 3
0 5 19 5
6 6 7 13
6 6 10 19
6 6 12 15
6 6 13 9
6 6 19 12
6 7 9 9
6 7 17 10
6 8 12 20
6 8 16 16
6 9 10 17
6 11 6 20
6 11 18 13
6 12 6 13
6 12 9 19
6 12 12 18
6 13 11 9
6 13 18 15
6 13 20 20
6 14 10 13
6 15 8 7
6 15 10 8
6 15 12 8
6 16 6 19
6 16 7 8
6 16 17 9
6 17 11 16
6 17 18 12
6 18 8 18
6 19 19 8
6 20 10 11
6 20 13 14
6 20 16 20
7 7 7 19
7 7 12 9
7 7 15 15
7 8 10 19
7 8 13 10
7 8 20 18
7 9 12 19
7 11 14 11
7 12 9 16
7 13 7 18
7 13 14 16
7 13 14 19
7 13 19 12
7 14 14 14
7 14 16 12
7 14 18 19
7 15 16 18
7 15 20 8
7 16 15 17
7 17 8 19
7 17 13 9
7 17 17 13
7 18 10 20
7 18 11 18
7 18 12 16
7 18 16 14
7 18 17 10
7 19 19 17
7 20 11 18
7 20 12 17
8 8 11 18
8 8 14 18
8 8 16 9
8 9 10 11
8 11 10 13
8 12 9 20
8 12 11 17
8 12 14 18
8 13 13 15
8 13 15 11
8 13 20 17
8 14 17 12
8 15 17 20
8 16 13 9
8 16 16 15
8 17 9 20
8 17 17 11
8 17 19 14
8 17 20 16
8 18 12 17
8 19 19 12
8 20 12 11
8 20 15 16
9 9 11 16
9 9 16 10
9 10 12 16
9 10 16 18
9 11 9 19
9 11 12 11
9 12 10 13
9 12 14 12
9 13 19 20
9 14 15 12
9 14 17 12
9 15 10 17
9 16 13 18
9 16 16 20
9 17 17 11
9 17 20 10
9 18 13 10
9 20 12 10
10 10 17 17
10 10 19 15
10 12 14 11
10 13 16 20
10 14 10 20
10 14 17 18
10 15 10 20
10 15 11 18
10 15 13 15
10 15 15 11
10 17 15 14
10 17 16 15
10 18 19 12
10 19 12 18
10 20 19 16
11 11 11 14
11 14 15 17
11 14 16 15
11 14 17 12
11 15 11 20
11 15 15 15
11 15 17 15
11 15 19 12
11 16 18 17
11 17 14 19
11 19 19 14
12 14 16 16
12 18 14 20
12 19 13 13
12 19 20 13
12 20 18 18
13 13 16 16
13 14 15 15
13 19 14 17
13 19 18 17
13 20 14 14
14 16 14 18
14 16 14 19
15 16 18 19
16 16 20 19
16 18 18 20
