11 9
0 0 1 3
0 0 1 4
0 0 2 1
0 0 2 3
0 1 6 2
0 1 9 1
0 1 9 4
0 1 10 4
0 1 12 2
0 1 12 4
0 1 13 3
0 2 7 3
0 2 8 1
0 2 10 3
0 2 11 1
0 2 12 1
0 2 13 3
0 2 14 4
0 3 6 2
0 3 6 3
0 3 8 2
0 3 10 2
0 3 12 1
0 3 12 2
0 3 12 3
0 3 12 4
0 3 14 4
0 4 5 2
0 4 6 3
0 4 7 4
0 4 10 1
0 4 10 4
0 4 11 1
0 4 11 2
0 4 12 1
0 4 14 2
5 5 10 6
5 5 11 8
5 5 12 8
5 6 11 13
5 7 5 8
5 7 7 7
5 8 9 12
5 8 10 6
5 8 14 7
5 9 11 9
5 9 11 13
5 10 8 7
5 10 9 7
5 10 11 14
5 10 13 8
5 10 14 9
5 12 10 13
5 12 11 11
5 12 12 11
5 13 7 11
5 13 12 10
5 13 14 13
5 14 6 13
5 14 11 13
5 14 13 11
6 6 6 13
6 6 13 9
6 6 13 14
6 7 6 13
6 7 8 7
6 7 9 11
6 8 8 8
6 8 10 13
6 8 11 9
6 9 8 9
6 10 8 12
6 10 11 14
6 12 8 9
6 12 14 13
6 14 9 8
6 14 13 11
6 14 14 8
7 7 10 10
7 7 10 11
7 7 14 14
7 9 13 12
7 9 14 8
7 11 10 8
7 11 12 9
7 12 9 8
7 12 11 14
7 13 14 14
7 14 12 11
8 9 13 11
8 10 11 10
8 10 12 12
8 13 9 12
9 10 9 13
9 10 13 14
9 12 14 11
9 13 9 14
9 13 11 11
10 10 14 12
