16 12
0 0 2 3
0 0 2 4
0 0 4 1
0 0 4 4
0 1 6 1
0 1 8 3
0 1 9 3
0 1 10 3
0 1 11 3
0 1 12 5
0 1 13 2
0 1 14 2
0 1 15 2
0 1 19 3
0 1 20 1
0 2 8 2
0 2 9 1
0 2 9 5
0 2 12 5
0 2 13 2
0 2 14 5
0 2 17 1
0 2 17 4
0 2 20 3
0 3 6 5
0 3 7 2
0 3 8 1
0 3 9 4
0 3 10 4
0 3 11 2
0 3 13 2
0 3 13 5
0 3 14 5
0 3 17 4
0 4 6 1
0 4 6 5
0 4 9 5
0 4 12 2
0 4 14 3
0 4 17 1
0 4 18 2
0 4 18 4
0 5 12 1
0 5 13 3
0 5 15 5
0 5 16 4
0 5 17 1
0 5 18 3
0 5 18 4
0 5 19 1
0 5 20 2
0 5 20 4
6 6 12 12
6 6 14 10
6 6 15 14
6 7 13 19
6 8 8 17
6 8 9 12
6 8 10 8
6 8 16 13
6 9 7 8
6 9 7 20
6 9 12 15
6 9 20 15
6 10 11 13
6 11 10 11
6 11 16 10
6 12 7 9
6 12 16 9
6 12 17 13
6 13 7 13
6 13 13 15
6 13 20 20
6 15 6 16
6 15 9 18
6 15 15 19
6 16 15 18
6 16 19 18
6 17 20 15
6 18 8 12
6 18 17 12
6 18 18 9
6 19 8 7
6 19 16 14
6 20 11 14
6 20 20 10
7 7 7 12
7 7 8 10
7 7 19 9
7 8 7 16
7 8 17 11
7 8 18 14
7 9 8 17
7 10 15 11
7 11 9 12
7 11 12 16
7 11 17 20
7 11 19 18
7 13 15 14
7 13 15 16
7 13 17 8
7 14 7 20
7 14 13 14
7 15 8 11
7 15 8 16
7 17 7 19
7 17 15 8
7 18 10 18
7 18 12 17
7 19 9 11
7 19 15 14
7 20 11 10
7 20 11 19
7 20 19 12
8 8 10 17
8 8 19 18
8 9 14 10
8 9 20 14
8 10 13 11
8 10 14 9
8 13 15 18
8 13 20 13
8 14 8 20
8 14 10 12
8 16 18 15
8 17 16 9
8 17 18 16
8 17 19 15
8 18 12 10
8 19 9 9
8 19 16 19
8 20 19 11
9 9 10 14
9 9 17 18
9 10 13 19
9 10 19 13
9 11 20 17
9 12 19 20
9 13 12 11
9 13 20 14
9 14 19 10
9 16 10 20
9 16 12 16
9 16 12 17
9 17 11 13
9 19 14 14
9 19 20 10
9 20 16 15
10 10 10 18
10 10 12 16
10 10 16 12
10 10 17 13
10 11 14 18
10 13 20 11
10 14 11 20
10 16 11 17
10 16 20 15
10 18 17 11
10 20 11 20
11 12 17 18
11 13 12 16
11 14 11 15
11 14 15 12
11 15 12 12
11 16 12 17
11 17 11 19
11 17 13 12
11 18 14 17
11 20 18 20
12 13 12 14
12 13 15 17
12 14 13 16
12 16 18 13
12 19 14 14
12 20 20 18
13 14 19 15
13 15 19 15
13 17 15 17
13 19 17 18
13 19 19 17
14 15 19 15
14 16 18 18
14 16 19 16
14 16 19 18
14 18 16 18
14 20 17 19
15 15 15 16
15 17 16 20
15 18 16 19
15 20 16 18
16 17 20 19
16 18 18 19
