14 10
0 0 1 1
0 0 2 4
0 0 4 2
0 0 4 3
0 1 6 4
0 1 8 3
0 1 9 1
0 1 9 4
0 1 10 3
0 1 11 2
0 1 11 3
0 1 12 2
0 1 13 4
0 1 16 2
0 2 5 1
0 2 5 3
0 2 5 4
0 2 6 1
0 2 6 4
0 2 7 3
0 2 11 1
0 2 12 2
0 2 14 4
0 2 15 3
0 3 5 2
0 3 6 2
0 3 8 1
0 3 9 2
0 3 9 3
0 3 10 1
0 3 11 4
0 3 12 1
0 3 14 1
0 3 14 2
0 3 15 3
0 4 5 2
0 4 6 1
0 4 7 3
0 4 7 4
0 4 8 3
0 4 9 4
0 4 10 4
0 4 12 1
0 4 12 2
5 5 8 16
5 5 9 15
5 5 15 16
5 6 9 14
5 6 10 6
5 7 15 8
5 7 16 12
5 9 6 14
5 9 8 16
5 9 13 8
5 10 5 12
5 10 15 11
5 10 16 10
5 11 14 6
5 12 6 9
5 12 7 9
5 12 9 7
5 12 10 8
5 12 11 9
5 13 6 16
5 13 11 7
5 13 11 9
5 13 11 14
5 14 10 11
5 15 10 11
5 15 16 7
5 16 11 10
6 6 10 14
6 6 11 13
6 6 11 16
6 6 14 11
6 7 7 11
6 7 12 7
6 7 13 7
6 7 14 10
6 9 16 8
6 10 8 16
6 10 12 13
6 11 6 16
6 12 13 8
6 13 10 11
6 13 12 8
6 14 10 15
6 15 14 8
6 15 16 11
6 16 11 9
7 7 15 13
7 8 8 8
7 8 8 10
7 8 14 11
7 9 12 8
7 10 7 14
7 10 9 13
7 10 12 9
7 12 12 11
7 13 7 16
7 14 7 15
7 14 9 8
7 14 15 9
7 15 10 14
7 15 16 10
7 16 14 14
8 8 14 15
8 9 13 9
8 10 16 10
8 11 13 15
8 11 15 11
8 12 11 13
8 13 9 14
8 13 15 10
8 14 13 15
8 14 16 12
8 15 11 14
8 15 14 13
8 15 16 14
8 16 12 12
9 9 10 15
9 9 12 11
9 9 12 16
9 9 14 13
9 13 12 10
9 13 13 16
9 13 16 13
10 10 13 12
10 12 11 14
10 12 16 12
10 14 15 13
10 15 16 15
10 16 16 15
11 11 14 12
11 11 16 13
11 13 16 15
11 14 16 14
12 13 13 15
12 15 12 16
12 15 16 15
