17 13
0 0 1 1
0 0 1 5
0 0 3 2
0 0 3 4
0 1 6 4
0 1 9 1
0 1 9 2
0 1 9 3
0 1 10 5
0 1 11 4
0 1 13 2
0 1 16 4
0 1 17 4
0 1 20 2
0 2 6 3
0 2 6 5
0 2 8 4
0 2 9 3
0 2 11 1
0 2 12 2
0 2 13 3
0 2 15 5
0 2 16 1
0 2 18 3
0 2 18 4
0 3 7 1
0 3 9 1
0 3 11 4
0 3 14 2
0 3 15 1
0 3 17 1
0 3 20 3
0 3 20 4
0 3 21 5
0 4 7 5
0 4 11 5
0 4 14 2
0 4 14 5
0 4 16 1
0 4 16 3
0 4 18 3
0 4 19 1
0 4 19 2
0 4 19 4
0 4 20 5
0 5 6 5
0 5 8 3
0 5 9 3
0 5 11 4
0 5 15 2
0 5 17 1
0 5 17 2
0 5 17 3
0 5 18 5
0 5 20 1
0 5 20 2
6 6 7 15
6 6 10 17
6 6 13 15
6 6 15 7
6 7 11 10
6 7 13 19
6 7 14 14
6 8 8 8
6 8 16 10
6 8 19 14
6 8 21 14
6 9 17 8
6 10 7 16
6 10 12 11
6 10 14 21
6 10 15 18
6 11 6 19
6 12 9 7
6 12 15 16
6 12 16 12
6 13 13 9
6 14 14 18
6 14 17 16
6 15 9 8
6 16 7 19
6 16 9 7
6 16 10 20
6 16 16 18
6 16 17 12
6 17 13 16
6 18 14 20
6 18 20 20
6 19 14 12
6 21 9 7
6 21 10 15
6 21 10 20
6 21 12 14
7 9 13 11
7 9 14 9
7 9 20 15
7 10 8 21
7 10 11 8
7 10 21 18
7 11 7 18
7 11 12 20
7 11 14 10
7 11 19 12
7 11 21 20
7 13 8 14
7 13 18 9
7 15 19 15
7 15 20 20
7 16 17 15
7 17 8 16
7 17 17 8
7 17 20 10
7 18 7 20
7 18 11 18
7 18 11 19
7 18 15 15
7 19 8 15
7 19 10 18
7 19 12 9
7 19 16 16
7 19 16 20
7 21 8 16
7 21 11 9
7 21 11 15
7 21 19 18
8 8 14 19
8 8 18 10
8 9 13 15
8 9 19 21
8 10 9 14
8 10 16 12
8 11 9 20
8 11 13 18
8 11 17 9
8 11 17 20
8 12 9 12
8 13 8 19
8 13 9 21
8 13 21 21
8 14 9 9
8 15 12 17
8 16 13 20
8 16 15 15
8 16 19 21
8 17 11 16
8 17 14 12
8 18 11 13
8 19 12 13
8 20 15 9
8 21 17 14
8 21 21 10
9 11 13 18
9 11 18 21
9 12 19 11
9 13 10 10
9 13 13 13
9 14 14 21
9 15 13 12
9 15 16 14
9 15 21 18
9 16 17 20
9 17 16 17
9 18 10 13
9 19 15 11
9 20 18 11
9 21 16 20
9 21 17 19
9 21 18 13
10 10 10 20
10 10 17 12
10 10 20 19
10 11 18 11
10 11 21 13
10 12 13 12
10 14 12 12
10 14 12 14
10 14 15 11
10 14 19 17
10 15 12 19
10 16 19 13
10 17 20 18
10 18 13 12
10 20 20 21
10 21 13 19
11 11 19 20
11 12 13 15
11 15 13 17
11 17 17 13
11 18 11 21
11 18 21 13
11 19 16 20
11 20 19 16
12 13 14 21
12 13 17 16
12 13 20 20
12 14 17 19
12 15 12 18
12 15 14 21
12 15 16 21
12 15 18 15
12 16 12 21
12 16 20 21
12 17 14 16
12 19 14 18
12 20 21 15
13 14 13 20
13 14 21 17
13 17 17 14
13 20 16 19
13 21 20 17
14 18 15 18
14 18 17 16
14 18 19 18
14 19 15 16
14 19 21 19
14 21 19 17
15 15 16 16
15 20 17 18
15 21 17 20
17 18 19 19
17 18 20 19
