20 10
0 0 1 3
0 0 1 4
0 0 2 3
0 0 5 3
0 1 6 5
0 1 7 3
0 1 9 5
0 1 12 1
0 1 13 4
0 1 14 1
0 1 15 2
0 1 16 2
0 1 18 4
0 1 19 3
0 2 7 4
0 2 9 3
0 2 10 2
0 2 12 1
0 2 13 5
0 2 14 1
0 2 16 1
0 2 17 1
0 2 19 3
0 2 19 4
0 3 6 5
0 3 7 2
0 3 7 5
0 3 8 4
0 3 9 1
0 3 10 2
0 3 11 5
0 3 12 4
0 3 15 2
0 3 17 3
0 3 19 1
0 4 6 2
0 4 6 5
0 4 9 4
0 4 9 5
0 4 12 3
0 4 13 2
0 4 14 1
0 4 14 3
0 4 19 1
0 4 20 1
0 4 20 3
0 5 6 2
0 5 8 1
0 5 10 5
0 5 11 2
0 5 14 2
0 5 14 5
0 5 15 4
0 5 18 4
0 5 19 4
0 5 20 5
6 6 8 19
6 6 14 16
6 7 8 15
6 7 18 13
6 8 18 19
6 8 20 11
6 9 10 20
6 9 14 18
6 9 17 11
6 10 16 20
6 10 17 8
6 11 13 12
6 11 14 15
6 12 7 15
6 12 17 13
6 12 20 20
6 13 13 17
6 13 18 16
6 13 19 12
6 15 15 7
6 15 16 12
6 15 19 10
6 16 10 8
6 16 11 18
6 17 7 7
6 17 7 15
6 17 9 10
6 17 9 18
6 17 14 13
6 18 12 8
6 18 20 18
6 19 7 10
6 20 8 17
6 20 12 11
6 20 15 18
7 8 14 15
7 8 19 16
7 9 9 14
7 9 15 10
7 9 16 16
7 10 9 13
7 12 7 17
7 12 9 11
7 12 19 18
7 12 20 20
7 13 7 17
7 13 8 18
7 13 13 19
7 14 11 13
7 14 15 14
7 14 18 8
7 15 8 10
7 15 17 8
7 16 8 19
7 16 9 10
7 17 11 11
7 17 19 15
7 18 10 10
7 18 11 16
7 18 12 16
7 19 12 15
7 20 8 10
7 20 11 18
8 9 20 13
8 10 8 16
8 10 11 13
8 10 17 13
8 12 14 13
8 13 13 13
8 14 17 17
8 14 19 9
8 14 20 13
8 15 8 17
8 15 9 10
8 15 10 19
8 15 19 9
8 15 19 19
8 16 18 20
8 16 19 14
8 17 13 19
8 17 14 12
8 18 11 13
8 19 17 9
8 20 9 11
8 20 10 18
9 11 12 12
9 11 13 17
9 11 16 15
9 12 16 12
9 12 19 14
9 13 19 11
9 14 16 12
9 14 18 10
9 15 12 16
9 16 14 16
9 16 17 18
9 16 20 18
9 18 15 15
9 18 17 16
9 18 20 13
9 19 11 11
9 20 13 11
9 20 17 11
9 20 19 18
10 10 11 11
10 10 16 19
10 11 12 19
10 11 14 14
10 11 14 19
10 12 20 11
10 12 20 14
10 13 15 18
10 15 20 12
10 16 17 20
10 17 17 20
10 18 14 12
10 18 14 14
10 19 16 14
10 20 11 15
10 20 17 20
11 12 16 15
11 13 13 17
11 16 11 19
11 16 13 12
11 17 15 16
11 17 18 16
11 18 15 19
11 19 15 20
11 19 18 18
12 12 12 13
12 16 13 14
12 18 12 19
12 19 13 17
12 20 18 16
13 14 14 20
13 16 14 20
13 16 17 20
13 18 17 15
14 15 18 19
14 16 18 17
14 19 15 15
14 19 15 18
15 16 17 20
15 17 16 17
