20 7
0 0 1 3
0 0 1 4
0 0 3 1
0 0 5 5
0 1 9 3
0 1 9 5
0 1 10 2
0 1 13 5
0 1 14 2
0 1 14 3
0 1 16 2
0 1 17 5
0 2 6 4
0 2 7 4
0 2 9 2
0 2 9 4
0 2 12 1
0 2 12 4
0 2 15 4
0 2 16 4
0 2 16 5
0 2 17 5
0 3 8 2
0 3 9 5
0 3 12 1
0 3 12 2
0 3 14 4
0 3 15 2
0 3 16 1
0 3 16 3
0 3 17 2
0 4 6 2
0 4 8 1
0 4 8 3
0 4 8 5
0 4 9 3
0 4 10 4
0 4 13 3
0 4 14 1
0 4 14 2
0 4 15 1
0 5 6 1
0 5 7 5
0 5 10 3
0 5 11 3
0 5 12 5
0 5 14 3
0 5 16 1
0 5 16 4
0 5 17 1
6 6 11 14
6 8 8 9
6 8 8 10
6 9 6 12
6 9 8 9
6 9 11 15
6 9 12 11
6 9 15 15
6 9 17 7
6 10 11 17
6 10 14 14
6 11 7 10
6 11 10 17
6 11 13 11
6 11 14 13
6 12 6 15
6 12 9 15
6 12 17 15
6 13 8 8
6 13 15 8
6 15 8 7
6 15 13 12
6 16 7 11
6 16 7 17
6 16 12 9
6 17 8 17
6 17 16 12
6 17 16 16
7 7 7 15
7 7 7 16
7 7 13 11
7 7 16 14
7 8 8 14
7 8 15 15
7 9 14 13
7 10 8 16
7 10 14 9
7 11 9 16
7 12 11 10
7 12 17 8
7 13 16 13
7 14 16 12
7 15 11 11
7 15 13 16
7 16 9 8
7 16 9 9
7 16 10 15
7 16 12 13
7 17 8 15
8 8 17 15
8 9 14 11
8 10 14 17
8 11 15 10
8 12 13 11
8 13 16 13
8 14 11 13
8 14 13 17
8 16 11 14
8 16 13 11
8 16 16 16
8 17 15 17
9 9 17 13
9 10 9 16
9 10 14 12
9 10 14 16
9 11 10 10
9 11 14 11
9 13 15 17
9 15 15 11
9 17 13 13
10 10 10 11
10 10 10 14
10 11 17 13
10 12 14 11
10 12 15 14
10 13 12 15
10 13 13 12
10 15 10 17
10 15 14 13
10 17 15 16
11 12 14 14
11 12 17 17
11 13 12 15
11 15 15 12
11 15 17 14
12 12 12 14
12 12 13 17
12 14 12 16
13 13 13 17
13 17 14 14
