15 15
0 0 3 3
0 0 3 4
0 0 4 1
0 0 4 3
0 1 6 2
0 1 7 1
0 1 9 1
0 1 11 1
0 1 11 4
0 1 12 1
0 1 13 2
0 1 13 3
0 1 14 4
0 1 15 4
0 1 18 2
0 1 21 2
0 2 8 5
0 2 10 1
0 2 10 3
0 2 13 3
0 2 14 4
0 2 16 4
0 2 17 1
0 2 18 1
0 2 20 2
0 2 20 3
0 2 21 3
0 3 6 2
0 3 7 2
0 3 8 5
0 3 10 3
0 3 10 4
0 3 13 2
0 3 16 5
0 3 17 5
0 3 21 5
0 4 8 2
0 4 9 1
0 4 11 2
0 4 11 3
0 4 14 5
0 4 15 5
0 4 16 1
0 4 16 5
0 4 17 1
0 5 8 3
0 5 9 1
0 5 9 5
0 5 11 4
0 5 12 2
0 5 13 4
0 5 14 5
0 5 15 3
0 5 16 5
0 5 18 4
0 5 19 4
6 6 11 14
6 6 12 14
6 7 11 17
6 7 14 19
6 7 19 15
6 8 6 17
6 8 14 13
6 8 20 10
6 9 12 11
6 9 21 10
6 10 18 8
6 11 18 18
6 11 20 9
6 11 20 14
6 12 7 9
6 12 13 11
6 12 18 20
6 13 11 20
6 13 13 8
6 13 15 20
6 14 8 9
6 14 12 17
6 14 21 7
6 15 7 18
6 15 10 18
6 15 19 16
6 16 9 16
6 16 11 19
6 17 7 18
6 17 14 11
6 18 11 19
6 19 17 16
6 20 10 8
6 20 11 17
6 20 14 18
6 20 15 21
6 20 18 15
6 20 20 9
6 21 7 10
6 21 19 12
6 21 19 14
7 7 7 17
7 7 12 14
7 7 18 10
7 8 11 9
7 8 17 12
7 10 10 21
7 10 17 20
7 11 14 12
7 11 21 15
7 12 7 15
7 12 8 20
7 13 15 19
7 13 16 15
7 14 9 14
7 14 16 19
7 15 15 12
7 15 20 15
7 17 10 13
7 17 17 10
7 17 17 21
7 17 21 20
7 18 13 9
7 18 13 14
7 18 16 14
7 18 19 10
7 18 19 16
7 19 9 19
7 20 14 14
7 21 8 21
7 21 10 9
7 21 13 17
8 9 16 16
8 9 17 19
8 9 18 13
8 9 19 9
8 9 21 14
8 10 8 17
8 10 10 15
8 10 20 21
8 11 8 13
8 11 10 15
8 11 20 20
8 12 11 18
8 12 16 13
8 14 14 17
8 15 17 9
8 15 18 21
8 15 20 12
8 16 11 15
8 16 13 9
8 16 16 17
8 16 17 15
8 16 18 15
8 16 19 9
8 17 20 18
8 18 11 16
8 18 13 18
8 18 20 12
8 19 16 13
8 21 19 12
9 9 11 11
9 10 20 16
9 12 9 15
9 12 12 21
9 13 9 21
9 14 16 14
9 15 21 15
9 16 11 15
9 16 20 12
9 17 19 16
9 17 21 21
9 18 13 10
9 19 10 18
9 19 11 13
9 19 16 10
9 19 18 20
9 20 15 18
9 20 21 15
10 10 10 21
10 10 17 18
10 10 20 20
10 11 10 12
10 11 11 16
10 11 12 21
10 12 10 16
10 14 13 13
10 14 19 17
10 16 15 13
10 18 12 12
10 20 14 16
10 21 18 12
11 11 14 13
11 12 11 19
11 13 19 12
11 14 17 18
11 16 14 18
11 17 15 13
11 17 21 17
11 18 21 20
11 19 15 12
11 19 19 21
12 12 17 19
12 12 20 20
12 13 21 13
12 14 21 14
12 15 13 14
12 16 13 14
12 16 19 17
12 17 13 15
12 19 13 16
12 20 13 14
12 20 21 17
13 13 18 20
13 14 21 14
13 15 13 20
13 16 19 16
13 20 16 17
14 14 17 18
14 15 19 19
14 16 18 21
15 15 15 21
15 16 19 17
15 18 17 18
15 21 17 16
15 21 17 19
17 19 20 19
18 19 19 21
19 21 21 20
