14 8
0 0 1 4
0 0 2 2
0 0 3 2
0 0 4 1
0 1 6 1
0 1 7 2
0 1 9 3
0 1 11 4
0 1 12 1
0 1 14 1
0 1 14 4
0 1 15 2
0 1 15 3
0 2 5 4
0 2 7 2
0 2 8 3
0 2 10 1
0 2 12 1
0 2 12 3
0 2 13 2
0 2 14 2
0 2 15 1
0 3 5 1
0 3 6 3
0 3 6 4
0 3 8 4
0 3 9 2
0 3 10 3
0 3 12 1
0 3 13 4
0 3 14 3
0 4 5 4
0 4 8 3
0 4 9 1
0 4 9 4
0 4 10 2
0 4 12 3
0 4 13 2
0 4 15 3
0 4 15 4
5 5 13 14
5 6 8 6
5 7 13 9
5 8 6 12
5 8 6 14
5 8 7 7
5 8 10 15
5 8 11 12
5 8 15 14
5 9 8 10
5 10 5 11
5 10 11 6
5 10 11 9
5 11 13 12
5 11 13 15
5 12 8 7
5 12 12 10
5 13 9 6
5 13 9 15
5 14 6 12
5 14 8 11
5 14 13 13
5 15 6 13
5 15 11 6
5 15 12 11
6 6 13 7
6 7 15 13
6 8 11 9
6 8 11 11
6 9 13 11
6 9 14 11
6 10 6 14
6 10 8 7
6 10 9 11
6 11 7 13
6 12 8 12
6 12 15 12
6 13 8 10
6 13 15 12
6 14 12 10
6 15 10 11
7 7 12 9
7 7 14 10
7 9 9 13
7 9 10 11
7 10 11 9
7 10 11 14
7 10 12 15
7 11 8 10
7 11 13 8
7 11 14 8
7 12 7 13
7 12 9 13
7 12 15 9
7 14 14 8
7 14 15 12
7 15 12 11
7 15 13 12
8 8 11 10
8 8 14 9
8 9 11 9
8 9 12 15
8 10 15 12
8 15 10 13
9 10 10 15
9 10 12 10
9 11 9 14
9 11 14 14
9 13 13 14
10 13 10 15
11 15 14 13
14 14 14 15
