16 11
0 0 1 5
0 0 2 2
0 0 4 1
0 0 4 3
0 1 6 3
0 1 9 5
0 1 11 1
0 1 12 4
0 1 14 2
0 1 15 4
0 1 16 2
0 1 17 4
0 1 18 1
0 2 6 5
0 2 8 1
0 2 11 3
0 2 12 3
0 2 13 1
0 2 14 5
0 2 15 2
0 2 16 2
0 2 18 5
0 3 9 5
0 3 10 2
0 3 10 3
0 3 11 2
0 3 11 3
0 3 12 1
0 3 15 2
0 3 17 3
0 3 18 5
0 3 19 1
0 4 7 4
0 4 8 2
0 4 8 5
0 4 9 1
0 4 11 1
0 4 12 3
0 4 13 3
0 4 15 1
0 5 7 4
0 5 8 2
0 5 8 4
0 5 9 4
0 5 10 4
0 5 11 5
0 5 14 5
0 5 18 4
0 5 19 3
0 5 19 4
6 6 12 16
6 6 15 9
6 6 16 7
6 7 6 19
6 7 18 7
6 8 6 11
6 8 11 9
6 8 17 15
6 12 8 18
6 12 9 10
6 12 10 18
6 12 14 8
6 12 15 16
6 12 17 7
6 13 14 19
6 13 15 10
6 14 15 19
6 14 16 16
6 14 17 19
6 15 7 8
6 16 7 7
6 16 9 7
6 16 9 17
6 16 11 7
6 16 11 15
6 16 16 18
6 17 6 19
6 17 7 9
6 17 9 7
6 17 10 9
6 19 10 11
6 19 18 12
7 7 7 10
7 7 14 14
7 7 19 17
7 8 13 8
7 8 14 8
7 8 18 17
7 9 9 18
7 9 12 8
7 9 12 9
7 10 18 10
7 11 13 14
7 11 14 14
7 11 16 8
7 12 19 13
7 13 10 8
7 14 10 16
7 14 13 15
7 14 15 13
7 15 7 17
7 18 13 8
7 18 18 9
8 8 10 13
8 9 13 9
8 9 13 11
8 10 14 16
8 11 18 15
8 12 16 13
8 12 17 15
8 13 8 14
8 14 12 19
8 14 15 12
8 14 15 19
8 14 17 18
8 15 11 19
8 16 12 10
8 18 13 19
8 19 10 18
8 19 12 11
8 19 13 10
9 9 10 18
9 10 10 13
9 10 16 17
9 10 16 19
9 11 13 18
9 11 14 12
9 12 10 10
9 12 11 15
9 14 9 16
9 16 9 19
9 17 10 11
9 17 11 17
9 17 12 15
9 19 11 17
9 19 14 13
9 19 17 10
10 10 17 11
10 11 11 13
10 11 16 19
10 12 14 16
10 12 17 18
10 13 12 15
10 13 12 19
10 13 16 12
10 14 15 19
10 14 16 13
10 17 11 18
10 19 18 17
11 11 11 18
11 11 14 13
11 12 12 18
11 12 13 15
11 15 16 14
11 16 16 13
11 17 18 16
11 19 14 15
12 12 18 13
12 13 19 16
12 14 19 15
12 15 19 17
12 18 17 15
12 19 19 18
13 13 13 15
13 13 15 16
13 14 16 17
13 15 13 16
13 17 17 14
14 15 14 17
14 17 18 15
14 18 18 15
14 18 19 17
15 15 17 17
15 16 18 17
16 16 18 19
18 18 19 19
