17 14
0 0 1 3
0 0 1 4
0 0 3 5
0 0 5 1
0 1 7 4
0 1 10 5
0 1 13 2
0 1 14 2
0 1 14 3
0 1 15 1
0 1 15 2
0 1 16 5
0 1 18 4
0 1 21 3
0 2 7 2
0 2 7 5
0 2 9 5
0 2 13 5
0 2 15 5
0 2 16 1
0 2 17 2
0 2 17 5
0 2 19 3
0 2 20 3
0 2 21 1
0 2 21 3
0 3 9 2
0 3 12 1
0 3 12 5
0 3 13 4
0 3 15 1
0 3 16 1
0 3 17 1
0 3 17 3
0 3 19 1
0 3 20 2
0 3 20 4
0 4 6 2
0 4 7 3
0 4 8 3
0 4 9 4
0 4 10 3
0 4 15 4
0 4 16 1
0 4 17 2
0 4 18 2
0 4 19 4
0 4 20 4
0 5 10 2
0 5 10 5
0 5 11 4
0 5 13 2
0 5 13 5
0 5 16 1
0 5 17 4
0 5 18 1
0 5 19 3
0 5 20 3
6 6 9 16
6 6 10 20
6 6 14 17
6 7 10 15
6 7 12 14
6 7 15 20
6 7 20 20
6 8 13 16
6 8 14 13
6 8 18 10
6 8 21 11
6 8 21 16
6 9 14 14
6 9 19 16
6 9 21 14
6 10 9 12
6 10 14 16
6 11 11 12
6 11 13 20
6 11 16 14
6 12 8 10
6 12 12 8
6 12 16 19
6 12 18 15
6 13 9 7
6 13 13 12
6 13 20 19
6 14 12 18
6 14 16 13
6 15 8 9
6 15 15 21
6 15 18 13
6 15 21 7
6 15 21 19
6 17 11 16
6 17 12 12
6 17 15 18
6 18 10 21
6 18 15 17
6 19 16 7
6 19 19 14
6 20 7 8
6 20 16 11
6 21 16 21
6 21 17 11
6 21 19 18
7 7 10 8
7 7 11 15
7 7 21 8
7 8 10 9
7 8 11 19
7 8 11 20
7 8 13 14
7 8 17 12
7 8 20 19
7 8 21 12
7 9 9 21
7 9 16 13
7 9 20 9
7 10 17 13
7 11 14 17
7 12 16 8
7 12 16 14
7 13 15 10
7 13 16 16
7 13 18 11
7 14 17 11
7 15 7 19
7 15 16 14
7 15 20 10
7 16 21 8
7 17 14 17
7 18 9 20
7 18 10 14
7 19 7 20
7 19 20 11
7 20 8 21
7 20 13 15
7 21 15 13
8 8 9 17
8 8 12 11
8 9 9 17
8 9 11 14
8 9 15 13
8 10 16 18
8 10 20 10
8 11 16 11
8 11 16 20
8 12 21 12
8 13 8 14
8 13 18 12
8 15 17 15
8 16 17 20
8 17 8 19
8 17 10 20
8 17 20 13
8 17 21 14
8 18 18 9
8 18 19 12
8 19 12 11
8 19 12 16
8 20 10 21
8 20 12 18
9 9 10 17
9 9 15 13
9 9 18 15
9 9 18 18
9 11 11 13
9 11 17 21
9 11 21 21
9 12 12 21
9 14 16 11
9 15 12 21
9 16 15 20
9 17 20 21
9 18 10 14
9 18 12 16
9 18 17 13
9 18 19 13
9 19 14 12
9 19 15 15
9 19 17 20
9 20 13 13
9 21 13 12
10 10 13 18
10 10 19 17
10 10 20 19
10 12 17 12
10 13 15 17
10 14 11 14
10 14 13 11
10 14 13 17
10 14 14 15
10 14 16 11
10 14 16 13
10 14 18 17
10 14 19 11
10 15 17 13
10 16 20 11
10 17 12 12
10 18 14 18
10 19 21 11
10 20 20 12
10 21 17 13
10 21 21 16
11 11 12 13
11 12 16 21
11 12 20 17
11 13 12 14
11 13 19 16
11 14 15 19
11 14 16 21
11 14 19 19
11 18 12 17
11 18 14 19
11 18 16 16
11 18 18 15
11 20 14 15
11 21 12 21
12 14 21 20
12 15 17 16
12 16 17 15
12 17 19 16
12 19 16 17
13 14 19 17
13 18 18 18
13 20 15 19
13 20 18 18
13 21 21 15
14 16 20 19
14 18 17 18
14 19 15 18
15 16 16 19
15 19 18 21
15 20 21 19
15 21 20 18
15 21 20 21
17 20 19 19
18 18 19 21
19 19 20 21
