9 8
0 0 1 1
0 0 1 2
0 0 1 3
0 0 2 2
0 1 6 1
0 1 7 1
0 1 8 1
0 1 8 3
0 1 9 3
0 1 11 2
0 1 11 3
0 2 4 2
0 2 5 1
0 2 5 2
0 2 6 1
0 2 6 3
0 2 7 3
0 2 9 1
0 2 10 2
0 2 11 3
0 3 4 1
0 3 5 3
0 3 6 1
0 3 6 2
0 3 7 2
0 3 7 3
0 3 9 2
0 3 9 3
0 3 10 1
0 3 11 2
4 4 4 11
4 4 6 6
4 4 7 10
4 4 8 11
4 4 9 10
4 5 9 10
4 6 5 8
4 6 5 11
4 7 4 11
4 8 4 10
4 8 6 10
4 9 10 7
4 10 4 11
4 10 8 7
4 11 7 10
5 5 6 6
5 5 8 9
5 5 10 11
5 5 11 7
5 6 8 9
5 6 9 8
5 6 10 8
5 7 9 6
5 7 9 11
5 9 7 9
5 9 10 8
5 9 11 9
5 10 7 7
5 11 6 10
6 7 8 7
6 7 11 8
6 8 8 10
6 9 7 11
6 9 10 10
6 10 7 11
6 11 11 10
7 7 9 8
7 7 11 8
8 8 9 10
8 8 9 11
8 10 9 9
8 11 11 10
