12 11
0 0 2 3
0 0 2 4
0 0 4 2
0 0 4 3
0 1 5 2
0 1 6 4
0 1 7 4
0 1 8 4
0 1 9 1
0 1 9 2
0 1 11 1
0 1 11 4
0 1 12 3
0 1 14 1
0 1 14 2
0 2 5 4
0 2 6 4
0 2 7 1
0 2 10 2
0 2 10 4
0 2 13 1
0 2 13 4
0 2 14 1
0 2 15 2
0 3 5 1
0 3 8 1
0 3 9 1
0 3 9 4
0 3 10 1
0 3 11 2
0 3 11 3
0 3 13 3
0 3 15 2
0 3 16 3
0 4 7 3
0 4 9 3
0 4 12 2
0 4 12 3
0 4 13 1
0 4 13 2
0 4 15 2
0 4 16 3
5 5 7 10
5 5 14 12
5 6 11 10
5 7 7 7
5 7 16 6
5 7 16 11
5 8 9 8
5 8 12 14
5 8 14 9
5 9 13 12
5 9 13 15
5 10 10 9
5 10 16 10
5 11 6 11
5 11 12 6
5 12 5 15
5 12 6 13
5 12 11 7
5 12 14 10
5 13 6 8
5 13 15 16
5 13 16 7
5 14 6 7
5 15 8 9
5 15 13 11
5 16 11 8
5 16 12 6
5 16 14 7
6 6 12 15
6 7 6 10
6 7 9 7
6 7 10 16
6 7 15 15
6 8 8 8
6 8 16 11
6 10 9 11
6 10 13 14
6 10 15 11
6 11 6 15
6 11 11 14
6 11 12 9
6 12 14 8
6 13 8 16
6 13 13 13
6 14 13 15
6 14 14 9
6 14 15 7
6 15 12 8
6 16 7 10
7 7 15 14
7 9 15 11
7 10 11 12
7 10 16 11
7 11 8 12
7 11 9 9
7 11 10 11
7 11 13 16
7 14 10 11
7 14 13 10
7 15 10 10
7 15 11 10
7 15 13 8
8 8 9 16
8 8 16 13
8 9 12 10
8 9 13 14
8 9 15 15
8 9 16 10
8 10 14 13
8 12 11 9
8 12 12 9
8 12 12 16
8 14 15 14
8 16 9 10
8 16 10 15
8 16 16 9
9 9 14 13
9 11 11 14
9 12 14 16
9 15 9 16
9 15 16 11
10 11 12 16
10 12 13 13
10 12 16 13
10 13 12 15
10 14 16 14
12 13 15 14
12 15 14 15
12 15 14 16
13 14 13 16
