13 6
0 0 2 3
0 0 2 4
0 0 3 3
0 0 4 1
0 1 5 1
0 1 6 2
0 1 7 1
0 1 7 2
0 1 7 4
0 1 8 3
0 1 9 4
0 1 10 1
0 1 11 3
0 2 6 2
0 2 6 3
0 2 8 2
0 2 8 3
0 2 9 1
0 2 12 3
0 2 12 4
0 3 5 1
0 3 6 2
0 3 9 2
0 3 10 4
0 3 11 1
0 3 11 3
0 3 12 4
0 4 5 1
0 4 6 2
0 4 8 4
0 4 9 4
0 4 10 2
0 4 11 1
0 4 11 2
5 5 8 10
5 5 9 6
5 5 9 10
5 5 12 10
5 6 5 11
5 6 5 12
5 6 8 8
5 7 6 11
5 7 9 7
5 7 11 8
5 8 5 10
5 9 11 12
5 10 10 11
5 11 9 10
5 12 6 8
5 12 7 12
6 6 7 8
6 6 12 11
6 7 9 11
6 7 12 9
6 8 12 7
6 9 7 11
6 9 8 8
6 10 9 11
6 10 10 9
6 11 7 10
6 11 11 8
6 11 12 8
6 12 7 8
7 7 9 12
7 8 12 12
7 10 10 9
7 10 11 8
7 10 12 8
7 11 8 8
7 11 10 9
7 11 10 12
7 12 9 9
7 12 10 8
8 9 8 12
8 11 9 11
9 9 12 11
9 10 10 10
9 12 10 10
