13 7
0 0 1 1
0 0 1 4
0 0 2 2
0 0 4 2
0 1 6 1
0 1 6 2
0 1 6 3
0 1 6 4
0 1 9 3
0 1 10 1
0 1 13 1
0 2 8 4
0 2 9 2
0 2 10 2
0 2 11 1
0 2 11 3
0 2 11 4
0 2 12 4
0 2 13 2
0 3 5 2
0 3 7 1
0 3 7 2
0 3 7 3
0 3 7 4
0 3 10 3
0 3 11 4
0 3 12 3
0 3 13 1
0 4 5 2
0 4 5 4
0 4 9 1
0 4 9 3
0 4 9 4
0 4 10 1
0 4 10 3
0 4 12 3
5 5 5 10
5 5 13 10
5 6 5 12
5 6 9 10
5 6 12 12
5 6 13 12
5 7 7 7
5 8 9 13
5 8 10 11
5 8 13 11
5 9 10 10
5 9 11 11
5 10 7 13
5 11 10 7
5 11 12 12
5 12 9 9
5 12 11 6
5 12 12 7
5 13 6 8
5 13 8 6
5 13 11 7
6 6 8 8
6 6 11 12
6 7 8 8
6 7 10 8
6 7 13 9
6 8 6 9
6 8 11 11
6 10 8 9
6 10 8 12
6 10 9 10
6 11 8 11
6 11 12 11
6 11 12 12
6 13 13 9
7 7 7 9
7 7 10 11
7 8 7 11
7 8 9 11
7 9 9 9
7 11 7 13
7 12 8 13
7 13 10 13
7 13 12 8
8 8 10 9
8 10 13 10
8 10 13 12
8 11 13 9
8 12 10 9
8 12 10 13
8 12 13 9
9 9 12 12
9 12 11 12
10 10 13 11
11 13 13 13
