19 11
0 0 3 1
0 0 3 5
0 0 5 1
0 0 5 2
0 1 6 3
0 1 7 1
0 1 8 2
0 1 8 4
0 1 9 3
0 1 10 5
0 1 11 4
0 1 13 4
0 1 13 5
0 1 15 1
0 1 16 5
0 1 18 2
0 2 6 3
0 2 7 2
0 2 7 4
0 2 12 1
0 2 13 3
0 2 13 4
0 2 14 4
0 2 14 5
0 2 15 3
0 2 17 3
0 2 19 2
0 3 6 1
0 3 7 2
0 3 11 1
0 3 12 3
0 3 15 5
0 3 19 1
0 3 19 5
0 3 20 3
0 3 20 5
0 4 6 1
0 4 6 2
0 4 7 2
0 4 13 4
0 4 14 4
0 4 14 5
0 4 15 3
0 4 17 1
0 4 19 3
0 4 19 5
0 4 20 2
0 5 10 4
0 5 11 4
0 5 12 4
0 5 13 1
0 5 13 5
0 5 14 2
0 5 16 2
0 5 17 1
0 5 20 3
6 6 16 12
6 6 18 17
6 7 6 8
6 7 6 10
6 7 7 17
6 7 13 10
6 7 13 11
6 7 18 10
6 9 18 7
6 12 14 7
6 12 17 7
6 12 18 8
6 12 18 16
6 13 10 17
6 13 11 12
6 14 13 19
6 14 17 19
6 14 20 14
6 15 9 11
6 15 12 12
6 15 12 15
6 16 11 8
6 16 12 12
6 16 19 19
6 16 20 9
6 17 11 17
6 17 15 8
6 17 15 20
6 17 19 16
6 18 13 12
6 18 20 13
6 19 15 11
6 20 11 7
6 20 12 8
6 20 18 9
6 20 18 20
6 20 19 11
7 8 13 13
7 8 18 9
7 9 11 13
7 9 16 15
7 9 19 10
7 10 8 18
7 10 16 11
7 10 18 8
7 10 18 10
7 11 9 12
7 11 11 13
7 11 12 19
7 11 14 11
7 11 20 11
7 12 18 8
7 13 9 18
7 13 10 9
7 13 13 20
7 14 15 20
7 14 20 16
7 15 8 17
7 15 10 18
7 15 14 19
7 17 8 19
7 17 9 17
7 17 10 17
7 17 17 17
7 17 18 20
7 18 10 8
7 19 15 13
8 9 11 20
8 9 13 14
8 10 13 11
8 10 17 12
8 10 20 11
8 11 9 13
8 12 9 20
8 12 11 13
8 12 14 15
8 12 18 17
8 12 19 19
8 13 8 19
8 13 10 10
8 13 19 14
8 14 15 19
8 14 17 16
8 15 9 14
8 15 9 16
8 15 16 13
8 16 19 9
8 17 11 14
8 17 16 19
8 18 14 9
8 18 15 13
8 18 19 16
8 19 14 15
8 20 14 9
8 20 20 10
9 9 12 14
9 9 14 10
9 9 20 10
9 10 12 12
9 11 10 18
9 13 18 11
9 14 17 18
9 14 18 15
9 14 19 18
9 15 19 10
9 16 12 14
9 16 13 10
9 16 15 15
9 16 20 16
9 17 10 15
9 17 12 18
9 18 18 15
9 19 12 20
9 20 19 16
10 10 18 11
10 11 16 16
10 11 20 14
10 13 11 15
10 13 11 20
10 14 11 15
10 14 20 13
10 14 20 20
10 15 16 11
10 16 18 11
10 16 20 15
10 17 14 15
10 18 14 20
10 19 17 20
11 11 18 18
11 14 17 12
11 16 12 14
11 18 20 19
11 19 15 12
11 20 12 12
12 12 14 18
12 13 14 16
12 13 15 13
12 15 13 17
12 16 12 18
12 17 18 18
13 14 16 16
13 19 18 15
13 20 16 16
14 14 19 19
14 16 16 15
15 15 16 19
15 15 20 19
16 16 17 19
16 16 20 18
16 17 18 20
17 17 17 19
17 17 20 19
17 19 19 19
