11 11
0 0 1 3
0 0 2 2
0 0 3 2
0 0 4 3
0 1 5 2
0 1 6 1
0 1 9 3
0 1 10 2
0 1 11 1
0 1 11 4
0 1 12 3
0 1 13 3
0 1 14 2
0 2 7 2
0 2 8 2
0 2 8 4
0 2 10 4
0 2 11 1
0 2 13 2
0 2 13 4
0 2 15 3
0 2 15 4
0 3 5 2
0 3 6 1
0 3 6 4
0 3 7 1
0 3 8 1
0 3 9 3
0 3 12 1
0 3 13 1
0 3 15 2
0 4 5 3
0 4 6 1
0 4 7 4
0 4 8 4
0 4 9 4
0 4 10 3
0 4 11 4
0 4 14 1
0 4 14 3
5 5 5 6
5 5 5 15
5 6 8 6
5 6 12 11
5 7 13 7
5 8 7 14
5 8 8 13
5 8 15 6
5 9 10 13
5 9 14 14
5 10 15 10
5 10 15 11
5 11 5 15
5 11 6 15
5 11 8 15
5 11 14 9
5 12 9 6
5 13 7 10
5 13 11 15
5 13 13 6
5 13 14 14
5 14 12 6
5 14 14 7
5 15 6 7
5 15 12 7
5 15 13 11
6 6 7 8
6 6 11 9
6 7 6 8
6 7 14 7
6 7 14 9
6 8 8 8
6 8 13 9
6 9 12 7
6 10 6 14
6 10 7 13
6 10 14 8
6 11 12 12
6 13 9 14
6 15 7 14
6 15 9 13
6 15 15 12
7 7 7 13
7 7 11 11
7 7 13 12
7 7 14 13
7 8 9 15
7 9 9 9
7 9 11 8
7 10 10 13
7 13 12 13
7 13 12 14
7 14 13 9
8 8 9 15
8 9 10 13
8 10 12 9
8 10 13 12
8 10 14 11
8 10 15 11
8 11 10 15
8 11 15 15
8 12 14 12
8 12 14 13
8 13 11 14
8 14 9 11
8 14 10 9
8 14 12 10
9 10 9 15
9 10 10 15
9 10 15 15
9 12 11 15
9 12 12 10
9 12 14 10
9 15 15 10
10 12 12 12
10 12 15 11
10 13 14 13
10 14 12 11
11 11 11 13
11 11 12 12
11 12 12 14
