20 13
0 0 2 2
0 0 3 2
0 0 4 4
0 0 5 3
0 1 7 3
0 1 10 1
0 1 12 1
0 1 13 1
0 1 13 2
0 1 14 3
0 1 16 5
0 1 17 4
0 1 18 1
0 1 18 3
0 1 19 2
0 1 22 1
0 1 22 4
0 2 6 1
0 2 8 4
0 2 8 5
0 2 11 1
0 2 13 1
0 2 14 2
0 2 15 5
0 2 16 5
0 2 17 2
0 2 20 5
0 2 22 2
0 2 22 4
0 3 11 4
0 3 12 2
0 3 12 4
0 3 15 1
0 3 15 3
0 3 17 2
0 3 19 2
0 3 19 4
0 3 20 5
0 3 21 4
0 3 22 5
0 4 6 2
0 4 7 3
0 4 9 3
0 4 11 3
0 4 12 1
0 4 13 3
0 4 14 5
0 4 15 2
0 4 15 3
0 4 21 1
0 4 21 4
0 5 6 1
0 5 6 3
0 5 7 2
0 5 7 4
0 5 15 5
0 5 17 5
0 5 18 3
0 5 18 4
0 5 19 1
0 5 19 5
0 5 21 5
6 6 14 16
6 6 19 16
6 8 10 8
6 8 22 12
6 9 16 14
6 9 18 12
6 10 12 14
6 10 12 17
6 10 18 7
6 11 17 13
6 12 7 11
6 12 8 10
6 12 9 9
6 13 7 7
6 13 11 21
6 14 8 15
6 14 10 7
6 15 7 16
6 15 12 16
6 15 14 22
6 16 8 13
6 16 18 11
6 16 19 7
6 17 9 8
6 17 13 9
6 17 18 9
6 17 22 22
6 18 10 17
6 18 11 19
6 20 9 10
6 20 10 11
6 20 11 10
6 20 17 19
6 20 19 15
6 20 20 15
6 20 22 15
6 21 10 14
6 21 13 19
6 21 15 16
6 21 16 14
6 22 7 9
6 22 9 7
6 22 15 9
6 22 16 21
7 7 14 9
7 7 18 8
7 8 12 21
7 8 16 16
7 9 11 10
7 9 12 18
7 10 7 19
7 10 16 17
7 10 21 10
7 12 10 8
7 12 15 11
7 12 19 12
7 14 7 16
7 14 18 21
7 14 19 20
7 15 8 11
7 15 8 13
7 16 10 10
7 17 17 9
7 17 19 21
7 18 18 22
7 18 22 19
7 19 13 13
7 19 21 8
7 20 10 14
7 20 19 14
7 20 19 22
7 20 20 14
7 21 17 22
7 21 19 13
7 22 9 19
7 22 14 17
7 22 16 9
8 8 14 16
8 8 15 9
8 8 16 12
8 8 17 11
8 8 19 11
8 8 22 16
8 8 22 17
8 10 13 21
8 11 16 20
8 11 19 22
8 12 14 13
8 14 11 11
8 14 15 13
8 14 22 18
8 15 8 20
8 15 16 22
8 16 11 9
8 16 12 21
8 17 17 21
8 17 21 14
8 18 11 13
8 18 16 16
8 18 18 9
8 21 14 11
8 22 9 11
8 22 20 19
9 9 9 16
9 9 14 16
9 9 21 10
9 10 14 10
9 10 14 16
9 10 17 15
9 10 20 12
9 10 21 12
9 11 13 13
9 11 13 20
9 13 11 12
9 13 19 11
9 15 10 14
9 15 18 20
9 16 20 18
9 16 21 13
9 18 11 13
9 18 13 19
9 18 15 18
9 18 21 15
9 20 13 17
9 20 21 13
9 21 16 15
9 22 14 16
10 11 14 14
10 11 18 21
10 11 22 18
10 12 10 17
10 12 12 16
10 12 18 15
10 12 19 12
10 12 21 21
10 13 14 12
10 15 11 13
10 17 12 11
10 17 17 13
10 17 18 19
10 17 20 13
10 19 13 22
10 19 20 22
10 20 11 17
10 20 13 21
10 21 22 18
11 11 20 12
11 11 21 21
11 12 11 20
11 12 12 15
11 14 19 18
11 15 20 18
11 16 18 14
11 18 19 13
11 19 15 20
11 21 14 17
11 21 15 22
11 21 18 18
11 22 12 15
12 12 16 18
12 13 15 19
12 13 18 16
12 16 20 15
12 16 21 20
12 18 13 19
12 18 16 20
12 18 21 20
12 20 18 17
12 22 17 13
12 22 20 15
13 13 19 22
13 14 20 19
13 15 14 17
13 15 22 20
13 16 19 17
13 17 17 14
13 17 18 14
13 20 14 14
13 20 21 14
13 22 19 22
14 15 15 17
14 15 21 16
14 15 22 15
14 20 19 19
14 22 21 21
14 22 22 20
15 16 16 22
15 17 18 20
15 17 19 21
15 18 20 17
15 19 16 17
16 19 16 20
16 21 22 19
17 17 20 22
17 18 21 18
17 19 21 19
17 19 22 21
19 20 22 21
