12 6
0 0 1 3
0 0 3 2
0 0 4 2
0 0 4 4
0 1 5 2
0 1 8 2
0 1 8 3
0 1 10 1
0 1 10 3
0 1 10 4
0 1 12 4
0 2 5 3
0 2 5 4
0 2 6 3
0 2 7 3
0 2 7 4
0 2 9 4
0 2 11 1
0 2 12 2
0 3 7 1
0 3 7 3
0 3 8 1
0 3 9 2
0 3 11 4
0 3 12 1
0 3 12 4
0 4 5 1
0 4 6 1
0 4 7 1
0 4 7 2
0 4 7 3
0 4 11 2
5 6 5 9
5 6 6 6
5 6 11 6
5 7 5 8
5 7 6 10
5 7 9 6
5 7 9 9
5 8 7 7
5 9 7 11
5 9 9 12
5 9 10 11
5 10 10 11
5 10 12 8
5 11 9 11
5 11 10 6
5 11 10 7
5 11 12 11
5 11 12 12
6 7 8 7
6 7 8 9
6 7 10 12
6 7 12 9
6 8 6 12
6 8 10 8
6 8 11 10
6 8 11 11
6 9 8 9
6 9 10 12
6 10 8 9
6 12 10 12
7 7 10 9
7 9 12 12
7 12 10 8
8 8 8 12
8 8 9 9
8 10 9 11
8 10 10 9
8 11 10 11
9 11 12 10
10 12 11 12
