20 17
0 0 2 1
0 0 2 2
0 0 3 1
0 0 4 1
0 1 6 4
0 1 7 3
0 1 11 1
0 1 12 2
0 1 14 2
0 1 15 5
0 1 16 1
0 1 17 5
0 1 19 2
0 1 21 3
0 1 22 1
0 1 23 2
0 1 23 4
0 1 23 5
0 2 9 4
0 2 10 2
0 2 12 1
0 2 12 3
0 2 13 4
0 2 13 5
0 2 14 5
0 2 15 5
0 2 21 2
0 2 23 1
0 2 23 4
0 2 24 2
0 3 6 2
0 3 6 3
0 3 6 4
0 3 10 1
0 3 11 4
0 3 12 1
0 3 12 3
0 3 13 4
0 3 15 5
0 3 16 3
0 3 16 4
0 3 25 3
0 3 25 5
0 4 8 2
0 4 8 3
0 4 11 2
0 4 13 1
0 4 15 1
0 4 15 3
0 4 15 5
0 4 16 5
0 4 17 3
0 4 21 5
0 4 22 3
0 4 23 3
0 4 24 1
0 5 6 3
0 5 7 1
0 5 7 4
0 5 8 5
0 5 10 5
0 5 11 4
0 5 12 4
0 5 13 2
0 5 13 4
0 5 14 2
0 5 18 2
0 5 18 5
0 5 21 4
0 5 22 3
6 6 14 17
6 6 19 16
6 7 11 18
6 7 13 16
6 7 15 13
6 7 17 14
6 7 23 10
6 8 13 14
6 9 9 21
6 9 17 10
6 10 14 7
6 10 14 11
6 10 22 10
6 10 22 17
6 11 13 8
6 11 24 19
6 12 17 10
6 13 18 12
6 13 18 19
6 15 9 10
6 15 13 11
6 15 15 10
6 15 15 19
6 15 18 10
6 15 21 23
6 16 7 24
6 16 18 15
6 17 25 11
6 18 14 11
6 18 14 25
6 18 16 14
6 18 16 21
6 18 18 25
6 18 19 21
6 19 8 8
6 19 17 10
6 20 11 18
6 20 18 8
6 20 19 20
6 20 23 22
6 20 25 7
6 21 23 14
6 22 19 24
6 22 20 21
6 23 13 20
6 23 22 12
6 23 23 10
6 24 8 11
6 24 10 12
6 25 19 25
6 25 25 12
7 7 21 17
7 8 7 14
7 8 13 21
7 8 16 17
7 9 11 9
7 9 17 16
7 9 21 15
7 10 9 21
7 11 25 24
7 12 16 15
7 12 16 25
7 12 20 8
7 13 24 11
7 14 25 14
7 15 19 16
7 15 22 12
7 15 23 10
7 17 18 10
7 17 22 24
7 18 12 22
7 18 21 24
7 19 7 24
7 19 16 8
7 19 16 11
7 19 20 15
7 20 12 19
7 20 14 9
7 20 17 16
7 20 20 14
7 20 22 21
7 21 12 14
7 21 12 18
7 21 14 25
7 21 15 14
7 21 18 17
7 21 24 13
7 22 10 17
7 22 12 20
7 22 14 25
7 22 24 16
7 23 22 15
7 24 24 20
7 25 9 14
7 25 12 25
8 8 13 21
8 8 21 12
8 8 23 21
8 9 20 20
8 9 22 25
8 10 13 16
8 10 16 17
8 12 20 22
8 13 11 23
8 13 14 19
8 13 15 10
8 14 11 20
8 14 18 18
8 14 23 13
8 15 14 21
8 15 17 24
8 16 9 12
8 16 9 14
8 16 25 16
8 17 20 22
8 18 15 9
8 19 16 21
8 19 17 15
8 19 17 25
8 20 17 14
8 20 18 11
8 20 21 11
8 20 23 9
8 20 23 10
8 21 22 22
8 22 14 15
8 22 16 18
8 22 17 10
8 23 13 24
8 23 15 13
8 23 21 18
8 24 12 12
8 24 19 16
8 25 10 18
8 25 16 15
8 25 17 13
9 9 16 11
9 11 12 15
9 11 23 24
9 11 24 19
9 12 11 16
9 13 12 11
9 13 15 16
9 13 19 10
9 13 24 20
9 14 19 20
9 14 22 13
9 14 23 18
9 15 13 18
9 15 17 19
9 15 23 24
9 16 19 10
9 16 21 19
9 16 22 19
9 16 22 21
9 17 9 18
9 17 19 10
9 17 22 23
9 18 12 11
9 19 11 25
9 19 14 21
9 20 9 24
9 20 11 20
9 21 17 20
9 21 23 17
9 21 24 12
9 22 25 22
9 23 20 25
9 24 11 18
9 24 13 19
9 24 16 18
9 25 23 13
9 25 25 24
10 10 12 24
10 10 14 19
10 11 17 25
10 11 19 17
10 13 13 18
10 13 17 17
10 14 10 19
10 14 12 21
10 15 12 15
10 16 24 14
10 16 24 15
10 17 12 21
10 19 17 18
10 19 25 23
10 21 16 17
10 21 18 15
10 21 22 12
10 21 24 21
10 23 11 21
10 23 19 22
10 23 22 14
10 23 25 25
10 24 12 18
10 25 13 23
10 25 16 23
11 11 20 14
11 12 17 18
11 12 22 23
11 13 12 22
11 13 16 19
11 14 11 19
11 16 25 21
11 17 12 25
11 17 17 25
11 17 18 12
11 18 19 20
11 18 23 16
11 19 15 19
11 19 21 12
11 20 24 14
11 22 16 20
11 22 20 18
11 23 21 25
11 24 22 23
11 24 25 19
11 25 14 12
11 25 22 25
12 13 17 23
12 13 18 22
12 13 25 22
12 15 20 20
12 15 23 16
12 16 15 15
12 17 23 23
12 18 17 13
12 18 18 18
12 19 22 21
12 20 23 15
12 21 18 18
12 21 19 14
12 24 24 19
13 14 15 14
13 16 13 25
13 17 25 25
13 18 24 14
13 20 14 24
13 20 17 18
13 20 17 24
13 22 15 17
13 22 22 19
13 23 15 21
13 24 22 15
13 24 23 17
13 25 16 20
14 14 14 22
14 15 16 23
14 17 20 20
14 21 15 17
14 22 18 20
14 22 20 24
14 23 24 16
14 24 20 24
15 15 20 18
15 16 24 23
15 16 25 19
15 16 25 25
16 16 22 18
16 17 19 19
16 19 18 25
17 20 22 24
17 21 21 20
17 21 24 23
17 23 22 22
18 23 19 24
18 24 20 24
19 25 22 24
21 25 23 25
