18 16
0 0 1 4
0 0 1 5
0 0 2 2
0 0 5 4
0 1 6 4
0 1 7 2
0 1 12 2
0 1 12 3
0 1 13 2
0 1 13 3
0 1 13 5
0 1 19 3
0 1 19 4
0 1 21 3
0 1 23 4
0 2 7 2
0 2 7 5
0 2 9 2
0 2 9 4
0 2 10 5
0 2 12 3
0 2 14 4
0 2 17 3
0 2 18 1
0 2 20 1
0 2 20 4
0 2 22 2
0 3 6 5
0 3 7 3
0 3 10 4
0 3 11 1
0 3 12 4
0 3 14 3
0 3 15 5
0 3 16 1
0 3 18 3
0 3 19 2
0 3 19 5
0 3 20 2
0 3 21 1
0 4 7 3
0 4 8 1
0 4 10 3
0 4 13 3
0 4 14 1
0 4 16 2
0 4 16 5
0 4 17 1
0 4 17 4
0 4 17 5
0 4 19 2
0 4 21 1
0 4 23 3
0 5 7 1
0 5 9 1
0 5 11 2
0 5 14 5
0 5 19 2
0 5 20 1
0 5 21 4
0 5 21 5
0 5 22 1
0 5 22 4
0 5 23 5
6 6 8 9
6 6 16 20
6 6 17 14
6 7 6 10
6 7 9 11
6 7 15 9
6 8 16 22
6 8 21 21
6 9 15 8
6 9 18 16
6 9 19 11
6 10 7 18
6 10 13 22
6 10 18 8
6 10 18 10
6 10 20 16
6 11 8 8
6 11 12 11
6 11 21 18
6 12 8 19
6 12 18 11
6 13 6 22
6 13 20 18
6 14 11 21
6 15 7 11
6 15 7 23
6 15 8 17
6 15 17 12
6 15 21 20
6 16 18 11
6 17 9 8
6 17 14 12
6 17 15 16
6 17 15 17
6 17 16 20
6 17 18 14
6 18 8 15
6 19 13 20
6 20 12 13
6 21 14 13
6 21 16 19
6 21 18 22
6 22 8 8
6 22 9 14
6 22 9 19
6 22 11 13
6 22 18 14
7 7 11 15
7 7 19 20
7 9 11 18
7 9 21 11
7 10 13 14
7 11 23 8
7 11 23 20
7 12 7 22
7 12 11 13
7 13 17 19
7 13 19 8
7 13 21 22
7 13 23 13
7 14 12 16
7 15 13 17
7 15 23 14
7 16 18 8
7 16 18 18
7 16 18 22
7 17 8 12
7 17 9 22
7 17 13 21
7 17 21 16
7 17 23 13
7 18 14 12
7 18 22 10
7 18 22 20
7 19 15 19
7 19 19 10
7 19 23 10
7 20 8 18
7 20 9 15
7 20 15 12
7 21 8 17
7 21 16 19
7 22 13 10
7 22 15 15
7 23 9 15
7 23 15 10
8 8 10 12
8 8 15 11
8 8 16 15
8 9 15 16
8 9 18 23
8 9 20 16
8 11 11 17
8 11 13 10
8 12 14 11
8 13 8 15
8 14 8 22
8 14 13 19
8 15 17 23
8 15 20 12
8 15 23 21
8 16 9 14
8 16 11 20
8 16 21 19
8 17 13 11
8 17 14 12
8 18 10 9
8 19 16 18
8 19 16 19
8 21 13 16
8 21 23 13
8 22 13 23
8 22 14 12
8 23 14 21
8 23 20 15
9 9 15 11
9 10 9 20
9 10 19 15
9 10 21 10
9 11 21 16
9 12 11 13
9 12 17 12
9 12 18 12
9 12 19 16
9 12 21 17
9 12 22 10
9 13 10 15
9 13 18 16
9 13 18 22
9 14 10 10
9 14 10 20
9 14 17 23
9 15 22 11
9 16 11 17
9 16 23 15
9 17 15 11
9 17 23 20
9 18 14 10
9 18 15 14
9 19 18 14
9 19 21 15
9 20 12 17
9 20 16 13
9 21 19 13
9 22 17 13
10 10 21 12
10 10 22 22
10 10 23 22
10 11 16 21
10 12 21 17
10 13 16 22
10 14 12 20
10 15 11 16
10 15 18 18
10 15 20 22
10 15 22 12
10 16 17 14
10 16 22 23
10 17 13 23
10 18 16 19
10 19 15 11
10 19 23 13
10 20 19 11
10 20 19 18
10 22 17 20
10 22 23 14
10 23 20 23
11 12 21 19
11 13 12 19
11 13 14 19
11 13 21 14
11 13 21 18
11 14 15 22
11 15 14 21
11 15 16 21
11 15 21 23
11 18 18 17
11 18 20 13
11 19 12 18
11 19 14 14
11 19 16 21
11 19 19 23
11 19 21 22
11 21 17 22
11 22 12 21
12 12 13 21
12 13 23 21
12 13 23 23
12 14 16 18
12 14 16 22
12 15 16 13
12 15 20 20
12 15 21 18
12 17 14 20
12 19 15 22
12 20 14 22
12 20 16 18
12 21 16 22
12 23 16 21
12 23 23 17
13 15 14 14
13 17 13 20
13 18 19 18
13 19 23 17
13 21 14 14
14 14 21 19
14 15 18 20
14 15 19 22
14 20 20 16
14 20 22 18
14 23 19 18
14 23 20 20
14 23 23 19
15 19 23 17
16 17 16 23
16 17 18 22
16 17 22 23
16 22 17 23
17 17 23 20
17 23 21 21
18 20 23 20
18 23 22 23
20 20 21 22
20 20 22 23
