20 15
0 0 1 1
0 0 1 2
0 0 5 3
0 0 5 5
0 1 6 3
0 1 10 4
0 1 11 4
0 1 11 5
0 1 13 3
0 1 14 4
0 1 17 5
0 1 18 4
0 1 20 1
0 1 20 5
0 1 23 2
0 1 24 1
0 2 8 1
0 2 8 2
0 2 9 2
0 2 12 1
0 2 13 3
0 2 13 4
0 2 13 5
0 2 15 3
0 2 16 4
0 2 18 4
0 2 18 5
0 2 22 4
0 2 24 2
0 3 7 5
0 3 9 2
0 3 10 4
0 3 10 5
0 3 11 1
0 3 11 5
0 3 13 2
0 3 14 5
0 3 15 3
0 3 17 1
0 3 17 3
0 3 18 2
0 3 21 4
0 4 6 1
0 4 8 3
0 4 9 2
0 4 12 3
0 4 13 1
0 4 13 4
0 4 13 5
0 4 14 4
0 4 16 2
0 4 18 5
0 4 19 3
0 4 22 1
0 4 22 2
0 5 7 1
0 5 7 3
0 5 8 2
0 5 9 1
0 5 11 3
0 5 11 4
0 5 16 2
0 5 19 1
0 5 21 1
0 5 23 3
0 5 24 5
6 6 6 14
6 6 7 23
6 6 10 21
6 6 14 20
6 6 15 18
6 6 24 13
6 7 8 19
6 7 20 11
6 7 21 19
6 8 22 19
6 9 17 12
6 10 7 14
6 11 7 21
6 11 8 13
6 12 9 9
6 12 12 16
6 12 15 11
6 12 19 7
6 12 24 20
6 14 21 24
6 14 24 23
6 15 21 23
6 16 9 8
6 16 16 10
6 16 16 19
6 17 7 17
6 17 13 19
6 17 14 12
6 18 13 19
6 18 22 18
6 19 9 15
6 19 10 8
6 19 19 15
6 20 13 20
6 20 18 18
6 21 12 11
6 21 19 16
6 21 23 20
6 22 14 18
6 22 21 9
6 22 23 14
6 23 21 14
6 24 13 9
6 24 16 18
6 24 22 9
7 7 16 8
7 8 9 14
7 8 18 10
7 10 7 14
7 10 8 19
7 10 11 13
7 10 11 21
7 10 12 23
7 10 14 22
7 10 24 23
7 11 18 13
7 12 8 22
7 12 13 9
7 12 13 14
7 13 11 16
7 13 16 15
7 13 17 14
7 13 18 17
7 14 9 17
7 14 16 10
7 14 19 21
7 15 21 10
7 16 16 18
7 17 14 19
7 17 17 20
7 18 22 23
7 19 12 8
7 20 8 22
7 20 10 19
7 20 12 10
7 20 18 22
7 20 20 11
7 20 20 13
7 21 8 9
7 21 15 14
7 22 20 23
7 22 21 18
7 22 24 10
7 23 23 13
7 24 16 12
7 24 18 8
8 8 17 20
8 9 10 16
8 9 10 24
8 9 13 19
8 9 18 15
8 9 24 13
8 10 16 21
8 10 20 17
8 10 23 18
8 10 24 17
8 11 22 21
8 11 23 12
8 12 9 22
8 12 10 12
8 12 16 9
8 12 24 14
8 14 9 22
8 14 14 23
8 14 24 12
8 16 20 17
8 16 22 14
8 17 18 13
8 18 11 13
8 18 21 11
8 19 13 17
8 19 24 12
8 20 13 22
8 21 19 21
8 21 21 23
8 22 17 23
8 22 18 21
8 22 20 10
8 23 24 24
8 24 11 12
8 24 19 9
9 9 13 13
9 9 13 18
9 9 16 15
9 10 10 21
9 10 15 19
9 10 16 22
9 11 15 18
9 11 17 23
9 11 22 21
9 11 23 10
9 14 15 18
9 15 19 22
9 16 17 19
9 18 10 14
9 18 11 16
9 18 15 24
9 19 15 23
9 21 11 23
9 21 12 12
9 21 23 15
9 22 16 19
9 22 20 16
9 23 10 11
9 23 20 13
9 24 11 23
9 24 15 15
10 11 20 18
10 11 21 11
10 11 22 12
10 12 19 14
10 12 21 12
10 12 24 16
10 15 11 16
10 16 16 20
10 16 24 16
10 17 10 20
10 17 13 15
10 17 14 11
10 19 17 23
10 19 23 23
10 20 22 17
10 22 12 15
10 23 19 20
10 24 21 19
11 11 19 17
11 11 22 17
11 14 18 20
11 15 16 21
11 17 15 19
11 17 18 14
11 17 18 24
11 17 20 18
11 19 13 15
11 19 23 16
11 20 24 18
11 23 22 12
11 24 15 18
11 24 24 15
11 24 24 24
12 12 12 14
12 13 21 14
12 15 14 19
12 15 15 16
12 17 17 15
12 18 22 16
12 19 22 15
12 19 24 14
12 20 15 15
12 21 13 19
12 23 24 23
12 24 16 14
12 24 17 21
12 24 18 23
13 14 20 18
13 15 20 16
13 16 15 15
13 16 18 14
13 18 16 20
13 20 16 17
13 20 21 22
13 20 24 17
13 22 19 17
13 22 23 16
13 23 16 14
13 23 22 14
13 23 23 20
13 24 21 15
14 15 23 17
14 15 24 22
14 16 17 23
14 17 14 19
14 17 17 15
14 17 24 23
14 18 16 16
14 19 20 22
15 15 16 17
15 15 22 21
15 16 20 17
15 19 21 22
15 19 22 24
15 21 24 22
15 22 23 23
17 17 18 21
17 17 23 24
18 20 20 22
18 20 22 19
18 20 23 23
18 21 19 20
18 22 20 23
19 19 20 23
19 22 21 21
20 24 21 21
21 21 21 24
