19 16
0 0 1 2
0 0 1 3
0 0 1 5
0 0 3 5
0 1 7 1
0 1 7 4
0 1 8 1
0 1 12 4
0 1 13 3
0 1 15 3
0 1 16 3
0 1 17 1
0 1 18 1
0 1 18 5
0 1 24 1
0 2 6 2
0 2 6 3
0 2 7 4
0 2 8 4
0 2 12 5
0 2 13 1
0 2 13 2
0 2 14 4
0 2 15 4
0 2 21 2
0 2 22 2
0 2 24 1
0 2 24 2
0 3 8 5
0 3 9 4
0 3 10 3
0 3 11 1
0 3 11 3
0 3 13 1
0 3 14 3
0 3 17 5
0 3 21 5
0 3 22 5
0 3 24 2
0 3 24 3
0 4 6 2
0 4 7 4
0 4 8 1
0 4 8 2
0 4 8 3
0 4 9 1
0 4 12 1
0 4 12 2
0 4 18 3
0 4 18 5
0 4 19 2
0 4 19 5
0 4 22 1
0 5 7 4
0 5 7 5
0 5 8 5
0 5 9 4
0 5 11 2
0 5 16 1
0 5 16 3
0 5 17 3
0 5 18 2
0 5 21 4
0 5 22 4
0 5 23 4
0 5 24 5
6 6 10 14
6 6 21 23
6 8 13 20
6 8 15 17
6 9 22 7
6 9 22 19
6 9 24 14
6 10 6 12
6 10 22 22
6 11 13 13
6 12 9 7
6 12 11 9
6 12 16 7
6 12 18 8
6 13 9 24
6 13 12 7
6 13 18 14
6 13 19 9
6 13 21 10
6 14 21 8
6 15 13 24
6 15 20 9
6 16 11 11
6 16 13 11
6 16 14 8
6 16 20 16
6 17 6 22
6 17 14 17
6 17 18 24
6 17 21 11
6 18 17 10
6 18 21 23
6 18 22 9
6 18 23 23
6 19 9 10
6 19 17 9
6 20 7 19
6 20 14 14
6 20 19 14
6 20 21 11
6 21 15 23
6 22 8 13
6 22 11 19
6 22 15 19
6 22 17 7
6 22 21 20
6 23 22 13
7 8 21 20
7 8 22 13
7 9 7 20
7 9 9 9
7 9 18 8
7 9 24 19
7 11 8 17
7 11 17 14
7 12 9 23
7 12 12 16
7 13 14 9
7 14 12 21
7 14 15 20
7 14 18 9
7 15 15 9
7 16 12 23
7 16 14 14
7 16 17 9
7 16 17 17
7 16 23 19
7 17 8 23
7 17 12 13
7 17 18 19
7 18 12 23
7 18 14 22
7 18 20 11
7 18 23 20
7 19 18 15
7 19 20 10
7 20 10 13
7 20 21 19
7 20 23 10
7 21 19 17
7 21 21 8
7 22 10 15
7 22 11 16
7 22 11 22
7 22 21 15
7 22 24 11
7 23 11 13
7 24 12 14
8 8 9 15
8 9 8 15
8 9 17 13
8 10 16 12
8 10 20 16
8 10 24 11
8 11 8 19
8 11 16 20
8 11 23 15
8 12 9 23
8 12 12 13
8 12 18 24
8 12 19 24
8 12 22 24
8 12 24 24
8 15 18 24
8 15 21 18
8 16 11 9
8 17 10 13
8 18 14 9
8 18 22 9
8 19 15 21
8 19 17 9
8 20 23 18
8 21 13 22
8 21 16 14
8 21 20 20
8 21 24 23
8 22 10 12
8 22 13 10
8 22 17 10
8 24 13 13
9 10 17 23
9 10 20 13
9 10 22 24
9 11 14 18
9 11 15 14
9 11 17 19
9 11 19 16
9 12 16 22
9 12 19 14
9 13 11 13
9 13 12 10
9 15 11 20
9 16 14 21
9 16 16 10
9 17 16 23
9 19 12 16
9 20 23 23
9 23 15 19
9 23 19 21
9 24 18 23
9 24 21 16
10 10 21 23
10 11 22 16
10 12 11 13
10 12 20 17
10 13 15 15
10 13 23 19
10 13 24 13
10 15 17 18
10 15 18 14
10 15 24 13
10 16 14 16
10 16 17 14
10 16 19 14
10 16 22 11
10 16 24 16
10 18 15 17
10 18 23 14
10 19 17 12
10 19 21 18
10 19 24 11
10 20 13 20
10 20 20 21
10 20 22 13
10 21 12 12
10 21 14 13
10 21 14 24
10 21 18 20
10 22 14 12
10 23 12 15
10 23 13 13
11 12 18 14
11 13 16 24
11 13 17 21
11 14 19 13
11 14 20 15
11 14 21 18
11 17 19 13
11 18 12 19
11 18 12 24
11 19 18 15
11 19 19 12
11 21 14 12
11 21 14 23
11 21 19 15
11 21 24 14
11 22 14 18
11 22 17 21
11 22 23 23
11 23 17 15
11 23 17 18
11 24 21 16
12 12 16 14
12 13 17 20
12 15 20 15
12 17 14 21
12 18 22 17
12 18 23 15
12 19 18 23
12 21 15 17
12 23 19 20
12 23 22 15
13 14 24 24
13 18 22 17
13 19 14 19
13 21 19 16
13 24 15 20
13 24 20 15
14 14 22 20
14 15 14 16
14 17 24 22
14 18 20 22
14 19 22 19
14 20 15 15
15 17 20 24
15 17 21 23
15 18 18 16
15 19 18 24
15 19 23 16
15 20 21 22
15 21 17 22
15 22 17 22
15 22 19 24
15 24 21 23
15 24 23 18
16 16 20 21
16 18 17 20
16 18 21 20
16 19 17 22
16 19 20 24
16 20 18 20
16 21 23 23
16 23 23 23
16 24 23 24
17 17 24 24
17 18 20 19
17 23 20 20
23 24 24 24
