16 7
0 0 1 2
0 0 1 4
0 0 3 1
0 0 3 2
0 1 7 1
0 1 7 2
0 1 8 3
0 1 9 2
0 1 9 4
0 1 10 3
0 1 10 4
0 1 13 2
0 1 13 3
0 2 8 1
0 2 8 3
0 2 9 2
0 2 10 4
0 2 11 1
0 2 11 2
0 2 11 4
0 2 12 1
0 2 12 3
0 2 13 4
0 2 14 3
0 3 5 1
0 3 5 2
0 3 9 1
0 3 12 2
0 3 12 4
0 3 13 3
0 3 13 4
0 3 14 4
0 4 5 2
0 4 6 1
0 4 6 3
0 4 7 1
0 4 7 3
0 4 9 1
0 4 10 3
0 4 12 4
0 4 13 2
0 4 14 1
5 5 9 9
5 5 10 11
5 5 10 13
5 5 11 9
5 5 12 6
5 6 11 9
5 7 6 8
5 7 13 12
5 7 14 11
5 8 8 8
5 8 14 14
5 9 7 13
5 9 10 8
5 10 6 6
5 10 7 10
5 10 9 6
5 10 12 6
5 11 5 13
5 11 10 11
5 12 10 11
5 12 13 8
5 14 9 7
5 14 12 7
6 6 6 12
6 6 9 11
6 6 14 7
6 7 8 9
6 8 6 14
6 8 13 12
6 9 9 12
6 9 9 13
6 10 6 12
6 10 8 11
6 10 11 14
6 10 14 13
6 12 9 11
6 12 13 8
6 12 13 12
6 13 14 9
6 14 10 8
7 7 13 12
7 8 9 8
7 8 9 10
7 8 11 14
7 8 14 12
7 8 14 14
7 9 7 10
7 9 11 11
7 9 14 8
7 10 13 11
7 11 8 11
7 13 8 9
7 13 13 9
7 13 13 10
7 14 12 13
7 14 13 9
7 14 13 14
8 8 8 12
8 9 14 11
8 10 10 11
8 12 10 12
8 14 12 14
9 10 11 12
9 12 14 12
10 10 12 13
10 11 12 13
10 11 13 14
10 13 11 12
11 11 11 14
11 11 14 13
