15 11
0 0 1 2
0 0 1 4
0 0 4 1
0 0 4 4
0 1 5 2
0 1 7 4
0 1 8 3
0 1 11 1
0 1 13 1
0 1 13 3
0 1 13 4
0 1 14 4
0 1 15 2
0 1 17 4
0 2 5 2
0 2 5 4
0 2 6 4
0 2 8 3
0 2 10 3
0 2 11 3
0 2 12 2
0 2 13 2
0 2 13 3
0 2 14 1
0 2 16 3
0 2 17 3
0 3 6 1
0 3 7 1
0 3 8 3
0 3 9 1
0 3 9 4
0 3 11 3
0 3 12 2
0 3 13 1
0 3 13 2
0 3 13 3
0 3 16 2
0 3 16 4
0 4 5 4
0 4 7 2
0 4 7 3
0 4 9 1
0 4 9 4
0 4 12 1
0 4 13 2
0 4 14 1
0 4 15 2
0 4 17 1
5 5 7 17
5 5 10 11
5 5 14 10
5 6 14 6
5 6 17 6
5 7 10 15
5 7 12 15
5 7 16 17
5 8 10 17
5 8 13 8
5 8 13 10
5 8 13 11
5 8 16 11
5 9 11 11
5 9 12 10
5 9 12 13
5 9 12 16
5 9 12 17
5 10 9 15
5 10 17 9
5 11 9 13
5 11 13 14
5 11 16 9
5 12 17 10
5 14 12 6
5 14 15 10
5 15 7 8
5 15 15 6
5 16 13 10
5 17 6 14
5 17 7 6
5 17 11 10
5 17 14 8
6 6 7 16
6 6 17 8
6 6 17 15
6 7 14 13
6 7 16 11
6 8 8 7
6 8 17 7
6 9 8 12
6 9 10 16
6 9 11 13
6 10 8 10
6 10 11 7
6 11 14 15
6 12 7 16
6 12 9 13
6 12 13 11
6 13 12 14
6 14 7 7
6 14 16 14
6 15 8 16
6 15 12 8
6 15 12 9
6 15 14 8
6 16 8 9
6 16 15 10
6 17 14 7
6 17 15 10
7 7 8 17
7 7 9 12
7 7 11 12
7 8 15 8
7 9 7 17
7 9 15 14
7 10 13 10
7 12 7 17
7 12 14 11
7 14 10 8
7 15 13 16
7 15 15 16
7 16 10 9
7 16 13 14
7 17 9 16
8 9 11 11
8 10 10 17
8 11 8 16
8 11 9 16
8 11 11 12
8 11 13 11
8 12 9 14
8 12 15 14
8 14 14 14
8 15 15 15
8 16 11 16
8 16 17 12
8 17 13 9
8 17 15 16
9 9 14 10
9 10 12 17
9 10 13 10
9 10 14 16
9 11 12 13
9 12 14 14
9 13 15 12
9 14 11 15
9 15 13 17
9 17 10 12
9 17 15 12
10 10 16 13
10 11 11 12
10 12 11 15
10 13 10 16
10 13 15 13
10 14 15 14
10 17 11 13
11 11 14 16
11 14 16 15
11 17 12 13
11 17 12 14
11 17 15 13
12 12 12 13
12 13 15 16
12 15 17 13
14 16 16 17
16 16 16 17
