18 12
0 0 1 3
0 0 2 1
0 0 4 2
0 0 4 5
0 1 6 5
0 1 8 3
0 1 9 1
0 1 9 2
0 1 12 1
0 1 12 2
0 1 12 4
0 1 14 4
0 1 15 1
0 1 15 4
0 1 16 2
0 2 6 1
0 2 6 3
0 2 7 2
0 2 9 3
0 2 11 5
0 2 14 2
0 2 17 1
0 2 18 5
0 2 19 4
0 2 20 2
0 3 6 2
0 3 10 3
0 3 13 1
0 3 14 5
0 3 15 3
0 3 15 5
0 3 17 5
0 3 19 1
0 3 19 3
0 3 20 2
0 3 20 3
0 4 8 1
0 4 8 4
0 4 10 4
0 4 11 4
0 4 11 5
0 4 14 5
0 4 16 2
0 4 16 3
0 4 21 2
0 5 7 3
0 5 7 5
0 5 8 1
0 5 11 4
0 5 12 5
0 5 14 1
0 5 16 1
0 5 17 4
0 5 18 3
0 5 19 4
0 5 21 4
6 6 13 18
6 7 7 10
6 7 11 9
6 7 11 16
6 7 11 17
6 7 16 18
6 7 17 20
6 8 10 11
6 8 14 8
6 9 8 9
6 10 21 10
6 11 8 10
6 11 20 19
6 12 7 21
6 12 10 13
6 12 13 10
6 13 8 14
6 13 9 7
6 13 12 10
6 13 16 19
6 15 17 9
6 15 17 21
6 15 18 9
6 15 20 9
6 16 11 12
6 16 14 18
6 16 19 16
6 17 15 17
6 18 7 18
6 18 20 9
6 19 10 20
6 19 11 11
6 20 7 21
6 20 15 13
6 21 7 16
6 21 8 11
6 21 12 12
6 21 13 8
6 21 17 14
7 7 8 12
7 7 20 9
7 8 15 20
7 9 10 21
7 9 19 20
7 10 9 14
7 10 20 14
7 11 13 19
7 11 15 18
7 11 18 17
7 12 13 20
7 12 16 13
7 12 21 19
7 13 12 18
7 13 16 18
7 13 20 14
7 15 19 9
7 16 12 21
7 17 9 19
7 17 11 20
7 17 13 15
7 17 18 17
7 18 9 9
7 19 9 8
7 19 15 21
7 20 9 11
7 20 10 14
8 8 9 14
8 8 10 9
8 9 10 11
8 9 10 12
8 9 13 19
8 12 9 18
8 12 13 11
8 13 13 15
8 13 15 13
8 13 21 10
8 14 9 20
8 14 11 18
8 14 17 19
8 15 21 11
8 16 21 10
8 17 17 14
8 17 21 14
8 18 10 16
8 18 12 11
8 18 17 18
8 19 11 11
8 19 12 19
8 19 19 9
8 20 14 18
8 21 11 15
8 21 16 18
8 21 19 10
9 10 11 13
9 10 17 12
9 10 21 11
9 12 9 14
9 13 19 16
9 14 14 16
9 15 9 20
9 16 19 20
9 17 13 21
9 18 14 10
9 18 18 17
9 19 10 20
9 19 15 20
10 10 10 21
10 10 18 19
10 10 21 12
10 11 11 17
10 11 17 15
10 12 14 12
10 12 15 21
10 14 12 12
10 14 13 20
10 14 21 16
10 16 13 11
10 18 14 19
10 21 21 17
11 12 11 15
11 12 15 18
11 13 14 17
11 15 17 18
11 16 20 19
11 18 14 15
11 20 12 12
11 20 16 15
11 20 17 15
11 20 18 16
12 12 19 13
12 14 13 13
12 14 16 17
12 14 19 19
12 16 13 19
12 17 17 16
12 19 18 13
12 20 17 16
12 20 21 19
13 14 16 15
13 14 18 21
13 15 14 16
13 15 21 14
13 17 15 21
13 19 14 15
13 19 17 17
13 19 20 20
13 20 20 16
14 15 20 18
14 16 18 15
14 20 17 16
14 20 21 16
14 21 17 20
15 15 16 16
15 15 18 21
15 16 17 16
15 16 18 21
15 16 20 17
15 19 21 18
17 18 21 21
18 18 21 19
