20 8
0 0 1 4
0 0 2 3
0 0 3 2
0 0 3 5
0 1 6 4
0 1 7 3
0 1 8 2
0 1 9 1
0 1 9 3
0 1 13 4
0 1 14 1
0 1 15 1
0 1 17 2
0 1 18 3
0 2 8 1
0 2 8 2
0 2 8 3
0 2 10 5
0 2 12 1
0 2 12 3
0 2 12 4
0 2 15 2
0 2 16 1
0 2 16 5
0 3 6 1
0 3 7 5
0 3 10 2
0 3 12 5
0 3 13 4
0 3 15 2
0 3 17 1
0 3 17 4
0 4 6 2
0 4 7 1
0 4 9 1
0 4 9 3
0 4 10 1
0 4 10 4
0 4 16 4
0 4 17 4
0 4 17 5
0 4 18 2
0 5 6 5
0 5 7 2
0 5 8 3
0 5 9 2
0 5 11 4
0 5 12 3
0 5 14 3
0 5 14 5
0 5 15 5
0 5 18 5
6 6 9 7
6 6 9 8
6 6 11 18
6 6 14 8
6 6 18 18
6 7 7 15
6 7 11 15
6 8 18 11
6 9 6 13
6 9 8 12
6 10 11 11
6 11 11 14
6 11 13 16
6 11 15 12
6 12 8 15
6 12 15 7
6 13 11 8
6 13 11 14
6 13 14 15
6 13 15 11
6 14 7 13
6 14 9 17
6 14 13 13
6 16 7 7
6 17 7 7
6 17 9 10
6 17 10 8
6 18 10 7
7 8 11 12
7 8 18 14
7 8 18 17
7 10 9 14
7 11 10 14
7 11 15 9
7 11 17 18
7 11 18 18
7 12 8 16
7 12 15 11
7 13 10 18
7 13 11 13
7 13 12 17
7 13 16 13
7 13 18 10
7 15 12 8
7 15 14 10
7 16 8 10
7 17 9 9
7 17 9 10
7 17 9 16
7 17 12 9
7 17 17 8
8 9 14 15
8 9 15 13
8 9 17 16
8 10 8 14
8 10 17 12
8 11 12 11
8 11 16 13
8 12 8 18
8 12 9 16
8 13 13 12
8 14 8 16
8 15 12 15
8 16 9 17
8 17 10 15
8 17 16 16
8 17 16 18
9 9 10 18
9 9 18 15
9 10 13 17
9 10 14 11
9 10 16 17
9 12 18 13
9 15 12 10
9 16 15 17
9 17 14 13
9 18 10 16
9 18 14 12
9 18 16 14
9 18 18 16
10 10 17 11
10 11 11 14
10 11 14 18
10 11 18 12
10 13 16 17
10 14 11 14
10 14 18 13
10 15 13 13
10 15 18 14
10 16 13 11
10 16 13 12
10 17 18 18
10 18 14 11
11 11 12 15
11 12 14 14
11 14 14 17
11 17 17 14
11 18 16 15
12 12 12 16
12 13 13 15
12 14 15 13
12 15 16 17
12 16 15 16
12 16 16 18
13 14 13 15
14 18 16 16
15 15 15 18
15 16 17 16
