13 12
0 0 1 4
0 0 3 2
0 0 4 2
0 0 4 4
0 1 5 2
0 1 5 3
0 1 6 1
0 1 6 2
0 1 7 2
0 1 8 2
0 1 10 1
0 1 10 3
0 1 14 3
0 1 15 1
0 1 17 3
0 2 5 1
0 2 5 2
0 2 5 3
0 2 6 4
0 2 7 4
0 2 9 3
0 2 10 2
0 2 11 1
0 2 14 1
0 2 15 1
0 2 16 3
0 2 17 4
0 3 6 2
0 3 10 1
0 3 10 4
0 3 11 1
0 3 11 3
0 3 12 4
0 3 13 3
0 3 14 1
0 3 15 3
0 3 16 4
0 4 6 4
0 4 7 2
0 4 8 4
0 4 10 1
0 4 11 2
0 4 11 4
0 4 16 3
0 4 17 1
0 4 17 2
5 5 9 7
5 5 10 8
5 5 16 12
5 6 8 15
5 6 9 9
5 6 14 8
5 6 16 6
5 7 11 11
5 7 13 12
5 7 16 13
5 8 6 13
5 8 6 15
5 8 10 7
5 8 13 12
5 8 17 7
5 8 17 11
5 9 10 11
5 10 10 10
5 10 11 14
5 11 12 12
5 12 9 12
5 12 14 17
5 13 6 9
5 14 12 12
5 14 14 13
5 15 16 11
5 16 6 16
5 16 15 10
5 17 10 17
5 17 14 14
6 7 7 17
6 7 8 15
6 7 11 8
6 7 13 14
6 8 6 16
6 8 8 8
6 9 7 13
6 9 13 15
6 10 7 16
6 10 11 16
6 10 16 9
6 12 6 17
6 12 7 7
6 12 9 16
6 12 9 17
6 13 10 11
6 13 14 14
6 14 11 8
6 14 15 12
6 15 10 12
6 15 15 16
6 15 17 9
7 7 7 14
7 8 8 16
7 8 12 10
7 9 11 11
7 9 11 14
7 9 14 13
7 9 15 13
7 10 17 11
7 12 11 13
7 12 13 8
7 12 14 9
7 12 17 12
7 13 9 14
7 13 17 16
7 15 13 11
7 16 13 14
7 16 17 10
7 17 9 15
8 8 12 9
8 9 11 15
8 10 15 9
8 10 15 13
8 11 10 15
8 13 8 16
8 13 10 13
8 13 14 16
8 13 16 15
8 15 8 16
8 15 17 12
8 16 9 13
8 16 9 16
9 9 11 17
9 9 16 12
9 9 16 14
9 10 13 16
9 11 17 11
9 13 15 12
9 15 11 12
9 16 10 11
9 16 15 14
9 17 10 13
10 11 17 15
10 12 13 14
10 12 13 15
10 14 17 15
10 16 12 11
10 17 14 14
10 17 15 14
10 17 17 13
11 12 14 17
11 14 16 13
11 14 17 15
11 14 17 17
11 15 11 17
11 17 16 12
12 12 15 13
12 15 15 14
13 16 14 17
