15 9
0 0 1 2
0 0 1 4
0 0 2 4
0 0 3 4
0 1 5 2
0 1 6 1
0 1 6 3
0 1 9 1
0 1 9 2
0 1 13 1
0 1 14 3
0 1 15 1
0 1 15 3
0 2 6 2
0 2 7 2
0 2 8 1
0 2 9 3
0 2 9 4
0 2 11 1
0 2 11 2
0 2 12 4
0 2 13 2
0 2 13 4
0 3 5 1
0 3 6 2
0 3 7 1
0 3 8 4
0 3 11 2
0 3 11 3
0 3 11 4
0 3 15 3
0 3 16 2
0 3 16 4
0 4 6 3
0 4 8 3
0 4 10 4
0 4 11 1
0 4 11 3
0 4 13 1
0 4 14 2
0 4 14 3
0 4 15 4
0 4 16 1
0 4 16 3
5 5 10 8
5 6 5 15
5 6 10 16
5 7 13 11
5 7 16 14
5 8 5 13
5 8 7 8
5 8 7 16
5 8 14 12
5 9 7 10
5 9 7 12
5 10 5 15
5 10 6 6
5 10 10 11
5 11 5 13
5 11 7 15
5 11 10 12
5 12 9 7
5 12 14 15
5 12 16 6
5 13 10 15
5 14 14 14
5 15 13 8
5 15 16 12
5 16 6 7
5 16 6 16
5 16 12 9
6 7 11 13
6 8 8 8
6 9 7 9
6 10 8 7
6 10 9 10
6 10 15 14
6 11 9 13
6 11 13 11
6 12 6 14
6 12 8 12
6 12 11 12
6 12 13 13
6 12 15 16
6 13 8 16
6 13 9 15
6 13 10 7
6 13 10 14
6 14 11 14
6 14 13 11
6 15 15 16
6 16 15 12
7 7 9 14
7 8 7 11
7 8 10 10
7 8 14 14
7 9 9 11
7 9 9 14
7 9 12 13
7 12 11 9
7 14 10 9
7 14 12 12
7 14 14 15
7 15 8 13
7 15 15 8
7 15 16 10
7 16 9 16
7 16 12 14
7 16 15 15
8 9 10 10
8 9 11 9
8 9 12 11
8 13 8 14
8 13 9 11
8 14 8 15
8 14 8 16
8 15 12 16
8 15 13 9
8 16 11 12
9 10 14 10
9 12 10 14
9 13 9 16
9 13 12 16
9 13 15 13
10 10 13 15
10 11 10 13
10 11 11 11
10 12 15 12
10 13 16 14
10 15 14 13
10 16 12 14
11 11 12 16
11 14 15 14
11 16 13 13
12 12 12 16
