18 17
0 0 1 1
0 0 2 2
0 0 4 2
0 0 5 3
0 1 6 1
0 1 9 4
0 1 12 4
0 1 13 2
0 1 14 5
0 1 15 2
0 1 16 3
0 1 18 3
0 1 19 4
0 1 20 1
0 1 20 3
0 1 20 5
0 1 21 1
0 2 6 1
0 2 7 1
0 2 8 3
0 2 9 2
0 2 11 2
0 2 14 4
0 2 17 4
0 2 19 3
0 2 21 4
0 2 22 1
0 2 22 2
0 2 22 4
0 3 7 1
0 3 7 2
0 3 7 4
0 3 7 5
0 3 10 2
0 3 13 2
0 3 14 1
0 3 15 2
0 3 15 4
0 3 17 1
0 3 17 5
0 3 18 4
0 3 23 3
0 4 6 4
0 4 9 2
0 4 9 5
0 4 10 3
0 4 13 2
0 4 13 5
0 4 14 5
0 4 17 1
0 4 17 5
0 4 18 1
0 4 23 5
0 4 24 1
0 5 6 1
0 5 7 5
0 5 9 4
0 5 11 3
0 5 11 5
0 5 12 3
0 5 14 3
0 5 16 3
0 5 16 5
0 5 19 3
0 5 19 4
0 5 24 5
6 6 15 9
6 6 20 10
6 7 8 21
6 7 11 8
6 7 13 12
6 8 10 20
6 8 12 21
6 8 16 21
6 9 13 14
6 9 18 10
6 9 22 19
6 9 22 22
6 10 12 17
6 10 13 17
6 10 19 15
6 10 22 11
6 11 7 20
6 11 8 9
6 11 11 24
6 11 14 8
6 11 20 18
6 12 8 18
6 12 11 21
6 12 18 17
6 13 10 11
6 13 12 24
6 13 24 12
6 14 19 18
6 14 23 12
6 15 8 15
6 16 17 14
6 17 15 8
6 18 19 15
6 18 22 12
6 19 8 17
6 19 9 22
6 19 12 19
6 21 15 18
6 21 19 7
6 21 22 11
6 21 22 15
6 22 14 17
6 23 15 9
6 23 15 19
6 23 15 20
6 23 19 23
6 23 21 18
6 24 9 15
7 7 13 14
7 8 16 16
7 8 21 14
7 9 11 23
7 9 12 17
7 9 16 22
7 9 18 22
7 10 17 22
7 10 18 16
7 11 8 13
7 11 9 24
7 12 19 17
7 13 10 11
7 14 9 16
7 14 19 8
7 15 12 10
7 15 19 17
7 16 11 17
7 16 14 19
7 16 20 14
7 16 22 8
7 17 15 17
7 18 14 17
7 18 15 15
7 18 20 12
7 19 13 19
7 19 20 17
7 19 21 18
7 20 9 11
7 20 14 15
7 20 18 10
7 20 19 22
7 21 8 14
7 21 9 24
7 21 13 22
7 22 12 24
7 22 18 19
7 23 10 22
7 23 22 9
7 24 15 24
7 24 16 16
7 24 22 8
8 8 17 21
8 8 24 19
8 10 13 16
8 10 16 18
8 10 19 14
8 11 21 9
8 11 22 10
8 11 23 12
8 12 22 22
8 13 10 10
8 13 14 22
8 13 17 23
8 13 22 10
8 13 23 17
8 14 19 9
8 14 21 9
8 16 12 15
8 16 17 15
8 16 19 22
8 17 9 24
8 17 24 18
8 18 12 9
8 18 20 15
8 19 10 20
8 19 13 22
8 19 15 21
8 20 10 22
8 20 18 15
8 20 20 15
8 21 13 14
8 21 22 12
8 23 17 23
8 24 10 9
9 9 12 20
9 9 16 14
9 10 14 19
9 12 9 20
9 12 16 22
9 13 18 19
9 14 23 16
9 15 13 16
9 15 20 17
9 16 11 21
9 17 13 10
9 17 20 11
9 18 15 23
9 18 22 21
9 19 17 10
9 19 19 10
9 20 11 19
9 20 18 15
9 21 15 17
9 22 21 10
9 23 10 18
9 23 18 24
10 10 13 16
10 11 18 23
10 11 19 17
10 11 21 11
10 12 10 24
10 15 20 24
10 16 13 24
10 16 16 20
10 16 19 11
10 17 14 16
10 17 21 13
10 18 12 17
10 19 15 14
10 19 20 15
10 21 15 14
10 21 16 22
10 21 23 18
10 24 13 16
10 24 17 23
10 24 24 15
11 11 14 13
11 11 15 17
11 12 15 20
11 12 20 23
11 12 23 12
11 13 16 14
11 14 19 14
11 14 23 20
11 16 20 12
11 17 21 24
11 17 22 21
11 18 22 20
11 19 16 12
11 20 16 16
11 20 22 23
11 21 16 21
11 21 20 13
11 22 24 16
11 23 24 13
11 24 18 19
11 24 19 23
12 12 12 22
12 12 18 20
12 13 12 23
12 14 23 16
12 14 23 17
12 15 12 21
12 17 12 20
12 18 20 18
12 21 15 17
12 22 20 21
12 23 18 17
12 23 20 18
12 24 13 13
12 24 17 13
13 14 24 17
13 16 20 15
13 16 20 22
13 17 24 18
13 18 13 21
13 18 14 17
13 18 17 18
13 18 23 22
13 20 14 16
13 20 17 15
13 21 22 14
13 21 22 22
13 23 14 18
13 23 24 24
13 24 16 24
14 14 23 16
14 14 23 21
14 17 24 21
14 19 14 21
14 21 22 16
14 21 23 16
14 23 23 17
14 24 17 16
15 15 19 24
15 15 24 19
15 18 23 20
15 20 22 24
15 21 23 16
15 21 23 24
15 22 24 16
15 23 23 19
16 16 18 20
18 20 22 19
18 21 24 22
18 22 19 24
18 24 22 23
19 21 19 24
20 20 23 21
20 24 21 24
21 23 24 23
