13 13
0 0 1 1
0 0 1 2
0 0 2 2
0 0 2 3
0 1 9 1
0 1 12 1
0 1 13 3
0 1 13 4
0 1 14 4
0 1 15 2
0 1 15 4
0 1 17 3
0 1 18 2
0 1 18 3
0 2 5 4
0 2 6 2
0 2 7 4
0 2 8 3
0 2 9 2
0 2 11 3
0 2 12 1
0 2 15 2
0 2 16 1
0 2 16 4
0 3 6 1
0 3 6 4
0 3 7 4
0 3 8 1
0 3 11 1
0 3 12 4
0 3 13 2
0 3 17 1
0 3 17 2
0 3 17 3
0 3 17 4
0 3 18 2
0 4 5 1
0 4 6 3
0 4 6 4
0 4 7 2
0 4 10 3
0 4 11 3
0 4 12 1
0 4 12 2
0 4 13 3
0 4 17 1
0 4 18 3
0 4 18 4
5 5 6 9
5 5 7 6
5 5 14 10
5 6 15 10
5 6 18 8
5 7 8 9
5 8 6 13
5 8 7 7
5 8 17 6
5 9 6 9
5 9 12 9
5 9 15 11
5 9 15 17
5 9 16 10
5 10 15 13
5 11 14 18
5 11 15 8
5 11 17 18
5 12 6 14
5 12 7 10
5 12 12 13
5 12 13 9
5 13 7 13
5 13 7 16
5 13 18 17
5 14 13 6
5 15 6 10
5 16 8 12
5 16 11 13
5 17 15 10
5 17 17 17
5 18 11 14
5 18 14 16
6 6 18 9
6 7 14 15
6 8 7 14
6 8 16 9
6 9 8 12
6 10 10 7
6 10 16 11
6 10 17 13
6 10 18 12
6 11 12 15
6 11 17 12
6 13 10 15
6 13 18 15
6 14 8 14
6 14 10 14
6 15 9 7
6 15 9 16
6 15 18 7
6 16 10 15
6 16 14 9
6 16 18 8
6 18 18 17
7 7 15 14
7 7 16 15
7 8 9 18
7 8 10 18
7 8 13 16
7 10 13 10
7 10 14 18
7 11 7 14
7 11 10 15
7 11 13 9
7 11 18 17
7 14 11 17
7 14 14 8
7 15 9 15
7 15 10 14
7 15 15 14
7 15 17 11
7 16 17 13
7 18 10 11
7 18 12 8
8 9 10 12
8 9 10 15
8 10 16 16
8 11 8 13
8 12 9 16
8 12 11 9
8 12 16 16
8 13 15 16
8 13 16 11
8 14 16 17
8 15 9 13
8 15 13 11
8 15 18 16
8 16 9 16
8 16 13 18
8 18 9 16
8 18 11 18
8 18 12 17
9 10 11 14
9 11 16 11
9 11 17 11
9 12 13 17
9 12 18 13
9 14 10 11
9 14 13 12
9 14 14 14
9 15 12 12
9 18 10 14
10 10 12 12
10 11 16 16
10 13 13 14
10 14 12 17
10 14 15 17
10 16 15 11
10 17 16 18
10 18 18 16
11 11 12 17
11 14 15 13
11 16 18 13
11 17 12 17
11 17 13 12
12 12 16 17
12 12 17 17
12 13 13 14
13 14 16 17
14 14 15 15
