12 8
0 0 1 3
0 0 3 1
0 0 4 1
0 0 4 2
0 1 5 3
0 1 8 3
0 1 11 1
0 1 12 1
0 1 12 3
0 1 12 4
0 1 13 2
0 1 13 4
0 2 5 4
0 2 6 2
0 2 6 4
0 2 7 2
0 2 7 3
0 2 9 1
0 2 11 3
0 2 14 2
0 2 14 4
0 3 5 2
0 3 6 1
0 3 8 3
0 3 8 4
0 3 10 4
0 3 12 1
0 3 13 2
0 3 13 4
0 4 5 2
0 4 6 3
0 4 9 1
0 4 9 2
0 4 10 1
0 4 10 3
0 4 12 4
5 6 13 7
5 7 7 7
5 7 11 10
5 7 13 11
5 7 14 7
5 8 6 9
5 8 13 14
5 8 14 11
5 9 5 10
5 10 7 13
5 10 12 13
5 11 6 6
5 11 11 7
5 12 7 12
5 12 9 10
5 12 10 6
5 13 7 9
5 13 10 10
5 13 12 10
5 14 8 7
5 14 9 13
5 14 12 14
5 14 14 9
6 6 8 9
6 6 9 7
6 6 11 7
6 7 7 11
6 7 12 13
6 8 14 8
6 8 14 14
6 9 6 10
6 9 11 10
6 9 14 8
6 9 14 12
6 13 7 11
6 13 11 11
6 13 12 8
6 14 13 10
7 7 14 12
7 8 8 8
7 9 11 12
7 10 13 10
7 11 8 13
7 11 13 9
8 8 14 10
8 8 14 14
8 9 10 9
8 9 12 10
8 10 14 9
8 10 14 13
8 12 12 10
8 14 9 13
8 14 11 9
9 9 10 12
9 10 12 11
9 11 10 12
9 11 12 11
10 11 11 13
10 12 11 11
12 13 14 13
