18 9
0 0 3 2
0 0 3 4
0 0 4 3
0 0 5 1
0 1 7 1
0 1 7 3
0 1 8 2
0 1 10 1
0 1 13 1
0 1 13 3
0 1 15 5
0 1 17 1
0 1 18 4
0 1 18 5
0 2 6 3
0 2 7 4
0 2 8 2
0 2 9 3
0 2 9 5
0 2 10 2
0 2 12 1
0 2 13 1
0 2 14 2
0 2 15 4
0 3 7 5
0 3 10 2
0 3 10 4
0 3 11 2
0 3 11 5
0 3 15 4
0 3 16 1
0 3 18 5
0 4 8 1
0 4 8 2
0 4 10 3
0 4 12 3
0 4 13 4
0 4 13 5
0 4 15 5
0 4 16 3
0 4 18 3
0 5 8 4
0 5 9 1
0 5 9 2
0 5 9 5
0 5 12 3
0 5 12 4
0 5 17 4
0 5 18 2
0 5 18 5
6 6 7 11
6 6 9 10
6 6 13 14
6 7 6 12
6 7 9 14
6 7 9 16
6 8 11 18
6 8 16 13
6 9 6 15
6 9 17 10
6 10 7 15
6 11 14 8
6 11 15 12
6 11 16 11
6 13 11 8
6 13 17 14
6 14 7 12
6 14 12 8
6 14 14 10
6 15 7 16
6 15 10 9
6 15 10 15
6 15 11 18
6 15 18 12
6 16 16 10
6 17 7 18
6 17 16 16
6 17 18 16
6 18 15 13
6 18 15 16
6 18 17 15
6 18 18 12
7 7 9 18
7 7 14 11
7 8 17 10
7 9 9 10
7 9 15 18
7 9 17 12
7 11 8 13
7 11 17 8
7 13 12 12
7 13 15 10
7 13 16 11
7 14 10 8
7 14 13 18
7 14 17 9
7 14 18 8
7 15 8 11
7 15 13 8
7 16 9 16
7 16 11 8
7 16 12 14
7 16 14 16
7 18 10 8
7 18 11 13
7 18 11 15
8 8 10 14
8 8 14 16
8 10 11 9
8 10 13 11
8 10 15 13
8 10 16 14
8 11 9 11
8 11 14 13
8 11 16 10
8 13 11 11
8 14 18 12
8 15 12 13
8 15 15 10
8 16 17 10
8 16 18 12
8 18 10 9
8 18 14 9
9 9 13 12
9 9 13 13
9 10 9 18
9 10 18 13
9 11 13 17
9 11 16 11
9 11 17 17
9 12 12 11
9 16 14 17
9 17 10 13
9 17 13 12
9 17 15 14
9 17 15 17
10 11 12 17
10 12 11 12
10 13 16 17
10 13 17 18
10 14 15 15
10 16 16 14
10 17 12 15
10 17 14 12
10 18 17 11
11 12 16 18
11 14 18 14
11 16 13 17
11 16 14 17
12 12 18 14
12 12 18 17
12 13 14 14
12 14 16 13
12 15 12 18
12 17 15 14
12 17 16 16
12 18 17 15
13 13 15 15
13 17 15 14
13 17 17 16
14 16 18 16
14 17 15 15
