20 12
0 0 1 1
0 0 1 2
0 0 2 4
0 0 3 2
0 1 6 1
0 1 6 4
0 1 9 3
0 1 13 1
0 1 14 1
0 1 14 5
0 1 16 1
0 1 16 2
0 1 17 3
0 1 19 4
0 2 11 5
0 2 12 1
0 2 13 3
0 2 15 4
0 2 16 2
0 2 17 5
0 2 18 2
0 2 18 5
0 2 19 5
0 2 20 4
0 2 20 5
0 3 6 5
0 3 7 2
0 3 8 3
0 3 10 1
0 3 12 2
0 3 13 4
0 3 15 5
0 3 17 1
0 3 17 4
0 3 19 5
0 3 20 3
0 4 6 3
0 4 11 5
0 4 12 1
0 4 12 3
0 4 14 2
0 4 15 1
0 4 17 3
0 4 18 3
0 4 18 4
0 4 19 1
0 4 21 1
0 4 21 4
0 5 6 2
0 5 6 3
0 5 9 4
0 5 11 2
0 5 11 5
0 5 12 3
0 5 13 4
0 5 15 4
0 5 15 5
0 5 18 3
0 5 19 2
0 5 21 2
6 6 7 20
6 6 13 8
6 6 14 17
6 7 7 10
6 7 9 21
6 7 18 14
6 7 20 11
6 7 21 8
6 8 8 20
6 8 11 19
6 8 12 16
6 8 19 12
6 9 8 8
6 9 9 8
6 9 14 10
6 9 17 18
6 10 11 12
6 10 17 13
6 10 18 21
6 11 8 10
6 11 9 21
6 11 10 21
6 12 14 11
6 13 10 9
6 13 11 9
6 13 14 8
6 14 15 13
6 14 16 9
6 15 15 7
6 16 8 8
6 16 17 15
6 16 19 8
6 16 20 7
6 18 10 21
6 19 17 12
6 19 20 13
6 19 20 21
6 20 14 18
6 20 17 7
6 20 19 16
6 21 18 15
7 7 12 21
7 7 17 12
7 8 13 20
7 8 13 21
7 9 12 18
7 10 8 9
7 10 9 10
7 10 19 17
7 11 14 9
7 11 15 8
7 11 19 8
7 11 20 15
7 11 21 10
7 12 10 20
7 13 8 13
7 13 10 20
7 13 10 21
7 13 14 19
7 14 10 17
7 14 12 18
7 14 16 19
7 14 18 21
7 16 10 19
7 16 11 17
7 16 18 17
7 17 13 14
7 17 13 15
7 17 13 17
7 17 17 18
7 18 11 9
7 18 15 15
7 19 8 12
7 20 15 21
7 21 15 9
7 21 15 12
7 21 16 19
7 21 18 15
8 8 15 12
8 8 15 14
8 9 18 14
8 9 19 10
8 9 20 9
8 10 9 21
8 11 9 9
8 12 9 19
8 12 15 19
8 13 13 12
8 13 16 9
8 13 21 21
8 14 15 12
8 15 14 16
8 15 20 15
8 15 21 18
8 16 18 9
8 16 20 16
8 17 8 18
8 17 11 9
8 18 11 18
8 18 21 9
8 19 13 18
8 21 16 16
9 10 21 11
9 11 14 15
9 11 19 11
9 12 16 10
9 12 17 10
9 13 14 18
9 14 19 16
9 15 13 21
9 15 17 16
9 15 21 17
9 16 19 10
9 17 9 21
9 17 13 20
9 17 16 13
9 18 12 19
9 19 19 12
9 19 19 15
9 20 13 11
9 21 16 16
10 10 19 17
10 11 11 12
10 11 18 15
10 12 12 14
10 12 14 18
10 12 20 11
10 13 19 11
10 14 17 12
10 14 20 18
10 14 21 13
10 15 12 16
10 16 10 20
10 17 13 20
10 17 19 20
10 17 20 19
10 18 12 13
10 18 16 17
10 19 21 20
10 20 14 21
10 20 20 17
11 12 11 18
11 12 15 18
11 12 17 21
11 13 16 15
11 15 14 13
11 15 21 20
11 16 12 14
11 16 13 12
11 19 16 14
11 19 17 16
11 19 19 21
11 20 14 17
11 20 15 17
11 21 13 16
11 21 19 15
12 14 14 14
12 14 20 13
12 16 19 15
12 17 18 18
12 17 19 21
12 19 18 16
12 19 20 13
12 20 15 14
12 21 15 19
13 14 13 15
13 14 15 18
13 16 20 18
13 18 17 18
13 21 15 20
13 21 18 14
14 14 18 19
14 16 14 17
14 16 18 21
15 15 16 20
16 16 20 19
16 16 20 21
17 17 20 18
17 21 20 20
18 20 20 21
