14 7
0 0 1 1
0 0 2 4
0 0 3 1
0 0 3 3
0 1 5 1
0 1 6 3
0 1 7 2
0 1 7 3
0 1 7 4
0 1 8 2
0 1 11 4
0 1 14 1
0 1 14 3
0 2 5 1
0 2 6 2
0 2 7 4
0 2 9 2
0 2 9 4
0 2 11 3
0 2 11 4
0 2 12 3
0 2 13 1
0 3 5 2
0 3 5 4
0 3 7 2
0 3 12 2
0 3 12 3
0 3 13 1
0 3 14 2
0 4 6 1
0 4 6 2
0 4 6 4
0 4 8 2
0 4 9 4
0 4 11 3
0 4 12 1
0 4 13 1
0 4 14 3
5 5 12 14
5 5 14 8
5 6 5 10
5 6 6 7
5 6 6 10
5 6 8 11
5 6 10 9
5 7 6 9
5 8 6 10
5 10 8 6
5 10 9 14
5 11 10 11
5 12 6 6
5 12 8 11
5 12 9 11
5 12 14 8
5 13 12 10
5 14 6 12
5 14 8 7
5 14 14 6
5 14 14 8
6 8 7 12
6 9 8 8
6 9 8 13
6 9 9 11
6 9 11 13
6 13 10 10
6 13 14 13
6 14 10 10
6 14 14 8
7 7 7 13
7 7 12 13
7 7 14 11
7 8 13 10
7 9 8 10
7 9 8 12
7 9 8 14
7 9 11 12
7 10 8 9
7 10 9 13
7 11 13 14
7 12 8 8
7 12 8 9
7 12 10 11
7 13 13 11
8 11 10 11
8 11 14 11
8 12 10 11
8 14 9 9
8 14 11 11
9 9 10 13
9 10 10 10
9 10 13 13
9 12 9 13
9 12 11 13
10 11 11 13
10 11 12 13
10 14 11 13
10 14 12 13
12 12 12 13
