17 11
0 0 1 1
0 0 1 4
0 0 1 5
0 0 4 2
0 1 6 2
0 1 8 3
0 1 9 4
0 1 10 3
0 1 13 2
0 1 16 3
0 1 17 1
0 1 19 1
0 2 6 4
0 2 6 5
0 2 8 3
0 2 9 3
0 2 9 5
0 2 11 1
0 2 12 4
0 2 14 1
0 2 14 2
0 2 15 1
0 2 18 5
0 3 6 1
0 3 7 3
0 3 8 2
0 3 8 5
0 3 12 4
0 3 14 2
0 3 14 3
0 3 15 2
0 3 16 2
0 3 18 3
0 4 6 4
0 4 6 5
0 4 8 2
0 4 10 4
0 4 10 5
0 4 12 1
0 4 14 4
0 4 18 4
0 4 19 1
0 5 6 5
0 5 9 1
0 5 10 2
0 5 10 3
0 5 13 2
0 5 14 5
0 5 15 1
0 5 18 4
0 5 18 5
0 5 19 3
6 6 11 14
6 7 6 13
6 7 8 13
6 9 6 15
6 9 9 7
6 9 10 8
6 9 18 17
6 10 7 7
6 10 10 15
6 10 19 14
6 12 14 19
6 12 16 18
6 12 19 17
6 13 9 12
6 13 11 9
6 13 14 9
6 13 18 12
6 13 19 17
6 14 8 19
6 14 18 12
6 15 8 18
6 15 13 17
6 16 10 9
6 16 12 10
6 16 15 18
6 17 17 15
6 18 7 8
6 18 8 12
6 18 13 16
6 18 15 8
6 18 18 10
6 19 7 11
7 7 9 16
7 8 8 8
7 8 13 12
7 8 18 16
7 9 17 10
7 9 17 13
7 10 7 18
7 10 9 11
7 10 15 10
7 10 19 18
7 11 11 9
7 11 11 15
7 11 15 13
7 11 17 13
7 12 7 19
7 12 8 15
7 12 9 18
7 12 16 15
7 12 19 12
7 12 19 13
7 13 13 12
7 13 18 18
7 14 11 16
7 14 12 13
7 14 12 16
7 14 14 9
7 15 9 15
7 16 13 18
7 17 9 8
7 19 15 17
7 19 16 8
8 11 11 16
8 11 14 16
8 11 15 10
8 11 16 16
8 11 18 17
8 12 19 9
8 13 8 15
8 13 16 11
8 13 17 19
8 14 9 13
8 15 17 18
8 16 13 17
8 16 14 13
8 17 15 10
8 17 16 12
8 18 16 10
8 18 18 15
8 19 9 12
8 19 14 15
8 19 15 14
8 19 19 19
9 9 16 18
9 9 17 14
9 10 17 17
9 11 13 19
9 11 14 11
9 12 13 19
9 12 14 11
9 13 9 15
9 14 14 15
9 14 17 17
9 15 10 10
9 17 18 19
9 19 10 10
9 19 14 17
10 11 11 11
10 11 12 19
10 11 16 16
10 12 15 11
10 13 17 13
10 15 12 18
10 15 19 18
10 16 19 18
10 17 11 13
10 17 11 16
10 17 13 18
10 19 12 14
10 19 16 15
10 19 18 17
10 19 19 11
11 12 12 13
11 14 14 12
11 14 14 16
11 14 17 16
11 14 17 19
11 15 17 18
11 16 16 16
11 17 17 16
11 18 12 15
11 18 14 15
12 13 13 17
12 14 13 13
12 16 14 14
12 16 15 16
12 16 19 13
12 17 15 18
12 18 17 17
13 17 14 15
13 19 18 17
14 19 16 15
15 15 15 19
16 17 16 19
