14 9
0 0 1 1
0 0 3 2
0 0 4 1
0 0 4 4
0 1 5 2
0 1 5 4
0 1 6 1
0 1 9 2
0 1 10 4
0 1 11 2
0 1 12 1
0 1 13 1
0 1 14 3
0 1 15 3
0 2 6 2
0 2 7 2
0 2 7 4
0 2 8 1
0 2 9 4
0 2 10 1
0 2 10 4
0 2 11 3
0 2 11 4
0 2 14 3
0 2 15 1
0 3 7 3
0 3 9 2
0 3 10 1
0 3 11 3
0 3 12 4
0 3 13 4
0 3 14 3
0 3 14 4
0 3 15 2
0 4 5 2
0 4 7 1
0 4 7 2
0 4 7 3
0 4 8 1
0 4 8 2
0 4 9 3
0 4 15 3
5 5 9 7
5 5 12 9
5 5 12 10
5 6 10 13
5 6 12 8
5 7 12 10
5 8 7 6
5 8 7 11
5 8 8 10
5 8 11 14
5 8 14 9
5 9 7 9
5 9 14 8
5 10 7 11
5 10 8 10
5 10 9 13
5 11 13 9
5 11 13 10
5 11 15 12
5 12 7 9
5 13 10 14
5 14 6 14
5 14 13 12
5 15 6 11
5 15 11 10
5 15 14 6
5 15 14 11
5 15 14 14
6 6 10 7
6 7 7 10
6 7 11 7
6 7 11 10
6 8 14 7
6 8 15 15
6 9 12 9
6 9 13 8
6 10 11 12
6 10 14 15
6 11 7 11
6 11 9 10
6 11 12 8
6 11 12 13
6 11 13 12
6 11 15 12
6 12 14 9
6 13 7 15
6 13 11 13
6 13 13 11
6 14 8 14
6 14 14 8
6 15 12 15
6 15 14 9
6 15 15 11
7 8 9 13
7 8 14 14
7 9 8 14
7 10 10 9
7 11 11 14
7 12 10 15
7 13 15 11
7 14 13 8
7 15 10 10
7 15 10 12
7 15 12 10
7 15 15 12
8 8 14 9
8 9 12 11
8 10 14 10
8 10 15 15
8 12 9 10
8 12 9 14
8 12 13 11
8 12 15 13
8 13 9 15
8 14 13 13
8 15 12 13
9 9 13 13
9 9 14 12
9 11 11 13
9 13 13 11
9 13 14 12
10 13 13 12
10 15 12 12
12 12 13 15
