20 18
0 0 1 5
0 0 2 5
0 0 3 1
0 0 5 2
0 1 6 5
0 1 7 1
0 1 9 1
0 1 9 4
0 1 10 3
0 1 11 1
0 1 12 1
0 1 14 2
0 1 17 4
0 1 18 5
0 1 21 1
0 1 23 2
0 1 25 3
0 1 25 5
0 2 7 1
0 2 7 2
0 2 9 5
0 2 13 4
0 2 14 2
0 2 14 5
0 2 16 5
0 2 18 3
0 2 19 1
0 2 20 5
0 2 21 5
0 2 25 2
0 2 26 1
0 2 26 4
0 3 8 5
0 3 10 2
0 3 15 2
0 3 16 4
0 3 18 1
0 3 19 2
0 3 19 3
0 3 19 5
0 3 20 4
0 3 22 1
0 3 22 2
0 3 22 3
0 3 23 2
0 4 7 4
0 4 9 1
0 4 9 4
0 4 11 1
0 4 12 2
0 4 12 3
0 4 14 3
0 4 15 4
0 4 16 2
0 4 19 2
0 4 21 2
0 4 22 4
0 4 24 3
0 4 26 3
0 5 7 5
0 5 8 4
0 5 11 3
0 5 13 3
0 5 13 4
0 5 15 3
0 5 15 4
0 5 15 5
0 5 16 3
0 5 17 1
0 5 18 3
0 5 22 1
0 5 25 4
6 6 12 23
6 6 15 15
6 6 23 14
6 6 23 22
6 7 7 24
6 7 26 23
6 8 24 16
6 9 19 18
6 10 14 13
6 10 14 22
6 10 14 26
6 10 19 18
6 13 10 15
6 13 10 16
6 13 22 26
6 14 11 8
6 14 24 16
6 15 21 11
6 15 22 26
6 17 14 25
6 18 10 9
6 18 11 17
6 18 17 14
6 18 23 13
6 18 26 7
6 19 14 17
6 19 22 11
6 20 6 23
6 20 14 20
6 20 21 9
6 20 24 11
6 21 7 14
6 21 10 7
6 21 12 24
6 21 18 24
6 21 26 8
6 22 15 11
6 22 20 23
6 22 20 24
6 22 25 8
6 22 25 11
6 22 25 19
6 23 13 18
6 24 11 26
6 24 15 19
6 24 16 23
6 24 22 26
6 24 25 24
6 25 13 18
6 25 18 8
6 26 9 12
6 26 10 11
6 26 15 17
6 26 20 20
7 7 12 26
7 8 10 16
7 8 20 22
7 8 25 23
7 9 16 10
7 9 24 19
7 10 9 15
7 10 11 10
7 10 19 17
7 11 8 13
7 11 21 10
7 11 21 19
7 12 8 14
7 12 12 24
7 12 17 21
7 12 18 12
7 13 8 10
7 13 9 14
7 13 9 21
7 13 9 23
7 13 17 23
7 13 20 19
7 13 22 10
7 16 10 10
7 16 18 21
7 18 26 16
7 19 17 25
7 19 23 10
7 19 26 25
7 20 9 22
7 20 10 26
7 20 15 8
7 20 18 23
7 22 12 17
7 22 17 12
7 22 21 14
7 23 10 15
7 23 13 15
7 23 20 19
7 23 23 21
7 24 9 21
7 25 10 22
7 25 17 12
7 25 21 13
7 25 21 15
7 25 22 23
8 8 12 21
8 8 16 25
8 8 20 20
8 9 12 22
8 10 12 15
8 10 20 22
8 10 23 23
8 11 10 21
8 11 11 17
8 12 9 16
8 12 17 13
8 12 17 16
8 12 24 26
8 13 13 26
8 13 23 15
8 13 23 22
8 13 25 15
8 13 25 22
8 14 12 11
8 16 23 25
8 16 25 19
8 18 15 16
8 18 20 11
8 18 21 12
8 20 8 25
8 20 16 17
8 21 15 18
8 21 19 17
8 22 23 19
8 23 13 16
8 23 17 17
8 24 19 18
8 24 25 23
8 24 26 13
8 25 17 13
8 25 17 14
8 26 9 11
8 26 13 17
8 26 16 24
8 26 21 26
9 9 11 15
9 9 11 19
9 11 23 21
9 13 10 14
9 13 10 25
9 14 10 12
9 14 14 12
9 14 20 18
9 14 21 26
9 14 22 21
9 14 23 26
9 15 16 13
9 15 23 15
9 16 14 10
9 16 20 13
9 17 10 12
9 17 17 22
9 17 21 19
9 19 10 22
9 19 17 25
9 19 22 14
9 20 25 17
9 21 10 11
9 21 10 20
9 21 22 12
9 21 25 24
9 22 20 25
9 22 26 23
9 23 21 24
9 24 17 19
9 24 17 26
9 24 19 16
9 25 21 17
9 26 13 23
9 26 16 17
9 26 20 16
10 10 20 14
10 11 23 25
10 11 26 15
10 12 11 25
10 13 26 24
10 14 17 23
10 14 24 19
10 17 24 13
10 21 16 22
10 22 16 20
10 23 19 26
10 24 11 20
10 24 13 12
10 24 25 18
10 25 15 17
10 25 16 16
10 25 22 25
10 26 15 25
10 26 16 17
11 11 11 12
11 11 12 16
11 12 11 24
11 12 13 25
11 12 14 16
11 12 21 20
11 13 21 23
11 13 23 26
11 14 11 19
11 16 25 21
11 16 26 24
11 17 12 22
11 18 11 19
11 18 15 17
11 18 26 12
11 19 19 14
11 20 22 20
11 21 20 19
11 22 22 24
11 24 20 15
11 26 18 12
11 26 19 15
12 12 25 22
12 13 26 15
12 14 14 16
12 14 17 19
12 14 18 24
12 15 19 22
12 15 25 22
12 17 13 15
12 17 13 18
12 20 16 15
12 20 18 20
12 22 13 25
12 22 21 16
12 22 23 18
12 22 24 23
12 24 21 24
12 25 13 22
13 13 18 20
13 15 14 21
13 17 21 15
13 19 15 26
13 20 24 25
13 20 26 25
13 21 16 15
13 23 18 26
13 25 26 21
13 26 16 16
14 15 18 17
14 15 18 18
14 16 14 22
14 16 17 22
14 16 23 18
14 16 23 24
14 17 19 18
14 17 21 24
14 18 23 19
14 19 26 18
14 20 20 19
14 23 21 16
14 25 21 19
14 25 21 26
14 26 16 24
14 26 23 24
15 15 19 17
15 16 20 20
15 17 21 23
15 19 19 16
15 20 18 19
15 20 19 24
15 20 20 19
15 21 25 22
15 23 16 25
15 23 23 24
15 24 19 18
15 25 20 20
15 26 18 18
16 17 18 18
16 21 24 18
16 22 26 18
16 23 17 24
16 24 21 24
16 24 22 18
17 17 18 19
17 18 20 24
17 19 24 23
17 19 25 23
17 23 22 24
18 18 21 26
18 20 21 19
18 24 26 19
20 20 21 25
