15 13
0 0 1 2
0 0 1 4
0 0 4 2
0 0 4 5
0 1 6 1
0 1 8 4
0 1 9 3
0 1 12 2
0 1 12 3
0 1 15 4
0 1 16 2
0 1 19 4
0 1 20 1
0 2 7 1
0 2 8 1
0 2 8 2
0 2 10 5
0 2 12 4
0 2 13 3
0 2 13 5
0 2 14 3
0 2 14 5
0 2 17 3
0 2 19 5
0 3 6 3
0 3 9 5
0 3 10 1
0 3 10 5
0 3 14 2
0 3 14 3
0 3 17 1
0 3 18 5
0 3 19 1
0 3 20 1
0 4 8 1
0 4 10 4
0 4 14 1
0 4 15 1
0 4 16 3
0 4 17 2
0 4 17 3
0 4 18 2
0 5 7 4
0 5 7 5
0 5 9 4
0 5 12 3
0 5 13 4
0 5 14 2
0 5 14 4
0 5 16 2
0 5 16 5
0 5 18 2
6 6 6 17
6 6 7 8
6 6 12 7
6 6 19 12
6 7 9 7
6 8 19 10
6 9 10 8
6 9 11 7
6 9 19 9
6 10 16 17
6 11 7 13
6 11 10 7
6 11 10 13
6 11 17 20
6 12 10 14
6 13 8 12
6 13 10 12
6 14 13 16
6 14 14 13
6 14 17 16
6 14 17 17
6 15 8 14
6 15 10 18
6 15 11 16
6 15 12 12
6 15 15 15
6 15 17 16
6 17 12 19
6 17 13 15
6 18 9 7
6 18 20 16
6 19 7 15
6 19 11 9
6 19 13 11
6 20 10 7
7 8 12 18
7 8 15 15
7 8 16 15
7 9 7 20
7 9 10 10
7 9 20 8
7 11 9 16
7 11 12 15
7 12 18 10
7 13 12 17
7 13 17 14
7 14 9 11
7 14 14 9
7 14 17 11
7 15 13 18
7 15 15 9
7 15 20 11
7 16 9 17
7 16 10 11
7 16 20 17
7 17 8 10
7 17 10 10
7 18 9 19
7 18 10 8
7 18 11 15
7 18 11 19
7 19 12 11
7 20 17 15
8 8 9 17
8 8 15 15
8 8 16 18
8 9 8 11
8 9 12 18
8 9 20 13
8 10 13 14
8 12 11 9
8 12 15 11
8 12 17 20
8 13 10 11
8 13 12 12
8 13 13 14
8 15 15 13
8 15 16 20
8 15 20 16
8 16 18 18
8 17 13 20
8 17 18 19
8 18 13 17
8 20 10 17
8 20 14 13
8 20 14 17
9 10 12 11
9 10 18 11
9 12 16 19
9 13 14 10
9 13 14 11
9 13 19 20
9 14 17 20
9 14 19 17
9 15 18 18
9 16 15 11
9 16 16 11
9 16 18 18
9 18 10 16
9 19 10 15
9 20 15 19
9 20 16 16
9 20 18 13
9 20 19 19
10 11 14 15
10 11 18 14
10 13 12 20
10 13 16 14
10 16 18 18
10 16 19 12
10 16 19 17
10 17 19 17
10 17 19 18
10 18 18 12
10 19 11 20
10 20 17 12
10 20 17 17
11 11 12 14
11 11 20 13
11 12 13 16
11 12 13 19
11 15 13 14
11 18 15 19
11 18 18 19
11 18 18 20
11 19 13 15
11 19 16 18
11 20 12 20
12 13 14 20
12 13 15 20
12 14 14 17
12 16 15 19
12 19 15 13
12 19 16 19
12 19 19 19
12 20 14 20
12 20 16 15
13 14 16 14
13 17 14 16
13 18 20 16
13 20 19 16
14 17 14 19
14 20 18 15
