17 15
0 0 1 1
0 0 2 3
0 0 5 2
0 0 5 4
0 1 6 5
0 1 9 4
0 1 9 5
0 1 10 2
0 1 13 4
0 1 15 2
0 1 19 3
0 1 20 1
0 1 20 5
0 1 21 4
0 1 22 1
0 2 6 5
0 2 8 2
0 2 10 1
0 2 10 4
0 2 10 5
0 2 12 1
0 2 13 4
0 2 15 5
0 2 17 1
0 2 18 2
0 2 19 1
0 3 6 3
0 3 7 4
0 3 8 4
0 3 9 3
0 3 9 5
0 3 10 3
0 3 10 4
0 3 11 5
0 3 13 2
0 3 15 3
0 3 20 2
0 3 22 2
0 4 7 2
0 4 8 1
0 4 8 3
0 4 11 3
0 4 12 4
0 4 15 3
0 4 16 1
0 4 16 3
0 4 17 5
0 4 18 1
0 4 19 2
0 4 20 5
0 5 8 4
0 5 8 5
0 5 11 5
0 5 13 3
0 5 14 3
0 5 16 1
0 5 18 2
0 5 21 1
0 5 22 2
0 5 22 4
6 7 8 12
6 7 10 12
6 7 14 7
6 7 15 8
6 7 17 11
6 8 7 22
6 8 11 18
6 8 16 13
6 8 18 13
6 9 19 14
6 10 8 20
6 10 21 19
6 11 6 18
6 11 7 19
6 12 13 8
6 12 18 17
6 12 22 10
6 13 21 16
6 13 21 20
6 14 7 14
6 14 11 12
6 14 11 13
6 14 19 9
6 14 21 22
6 15 7 17
6 15 8 15
6 15 12 12
6 15 20 8
6 15 22 8
6 16 10 16
6 16 12 15
6 17 12 11
6 17 18 8
6 17 20 16
6 17 22 18
6 18 18 19
6 19 15 12
6 19 19 15
6 20 14 8
6 21 11 14
6 21 15 19
6 21 15 21
6 21 17 9
6 22 7 9
6 22 11 21
6 22 16 21
7 7 18 18
7 8 21 17
7 8 22 22
7 9 11 12
7 9 11 22
7 9 12 22
7 9 18 10
7 9 18 18
7 10 8 10
7 10 14 18
7 10 21 13
7 11 9 14
7 11 14 22
7 12 8 10
7 12 10 19
7 12 11 19
7 12 22 14
7 13 15 10
7 15 14 21
7 15 19 21
7 15 20 13
7 15 22 20
7 17 13 20
7 18 8 14
7 18 19 11
7 18 20 12
7 19 18 16
7 19 18 20
7 20 12 11
7 20 13 13
7 20 14 8
7 20 16 10
7 21 9 22
7 21 12 10
7 21 14 15
7 22 17 22
8 8 17 9
8 9 14 10
8 10 22 16
8 11 10 20
8 11 11 12
8 11 16 17
8 11 17 17
8 13 16 13
8 13 18 11
8 14 9 10
8 14 9 16
8 14 15 17
8 15 9 20
8 15 13 22
8 15 21 11
8 17 17 19
8 19 13 16
8 20 15 20
8 20 18 10
8 21 9 14
8 21 16 20
8 21 18 17
8 22 12 12
8 22 16 18
9 9 11 15
9 9 13 15
9 10 17 13
9 11 9 19
9 11 13 12
9 11 14 12
9 11 16 18
9 11 20 19
9 12 14 12
9 12 20 22
9 13 15 10
9 13 17 12
9 13 17 19
9 13 18 16
9 13 19 18
9 15 13 22
9 16 18 10
9 16 18 18
9 17 11 14
9 17 14 22
9 17 19 19
9 18 14 15
9 18 20 21
9 18 22 17
9 19 10 10
9 21 22 12
10 10 15 14
10 10 21 16
10 10 21 22
10 11 12 20
10 11 16 17
10 11 18 19
10 12 13 19
10 12 19 20
10 13 15 19
10 14 12 15
10 15 19 13
10 19 19 12
10 21 18 15
10 22 18 19
10 22 20 14
10 22 20 16
11 11 11 17
11 11 16 21
11 12 14 14
11 14 15 14
11 15 17 21
11 16 18 15
11 18 20 21
11 20 16 16
11 21 21 15
11 21 22 15
11 22 12 14
12 12 13 19
12 13 20 16
12 14 13 18
12 14 13 20
12 15 19 21
12 16 20 21
12 17 17 21
12 19 15 21
12 20 18 18
12 21 17 14
13 13 13 18
13 15 22 14
13 17 18 16
13 17 18 18
13 17 22 17
13 19 16 15
13 19 17 21
13 20 17 16
13 20 20 21
13 21 14 19
13 22 19 17
14 14 21 15
14 16 16 19
14 16 21 22
14 16 22 15
14 17 19 20
14 19 14 20
15 16 16 16
15 16 16 17
16 16 22 17
16 19 20 18
16 19 20 19
17 20 17 22
17 21 22 20
17 22 21 22
20 20 22 21
