19 13
0 0 2 2
0 0 4 4
0 0 4 5
0 0 5 3
0 1 7 1
0 1 8 4
0 1 10 5
0 1 11 5
0 1 13 2
0 1 14 1
0 1 16 2
0 1 17 2
0 1 18 4
0 1 18 5
0 1 20 1
0 1 22 2
0 2 7 4
0 2 9 1
0 2 10 2
0 2 12 3
0 2 13 1
0 2 15 5
0 2 16 3
0 2 16 5
0 2 18 1
0 2 20 2
0 2 21 1
0 3 8 5
0 3 11 3
0 3 12 5
0 3 14 2
0 3 15 1
0 3 15 5
0 3 16 2
0 3 16 3
0 3 18 2
0 3 19 4
0 3 20 3
0 3 21 3
0 4 6 4
0 4 6 5
0 4 9 3
0 4 11 1
0 4 12 3
0 4 14 2
0 4 14 4
0 4 16 1
0 4 18 1
0 4 22 4
0 5 8 4
0 5 9 4
0 5 10 1
0 5 12 3
0 5 14 4
0 5 17 2
0 5 17 3
0 5 18 4
0 5 19 3
0 5 19 5
0 5 22 5
6 6 9 18
6 6 10 7
6 6 13 17
6 6 20 9
6 7 21 16
6 7 22 13
6 8 11 9
6 8 16 12
6 9 7 11
6 9 10 20
6 9 14 18
6 10 6 17
6 10 10 12
6 10 11 21
6 11 10 19
6 11 20 16
6 11 21 8
6 12 10 20
6 12 15 12
6 13 22 17
6 15 9 14
6 15 12 10
6 15 13 22
6 15 15 9
6 15 21 11
6 16 11 14
6 16 12 10
6 16 21 7
6 17 7 18
6 18 11 13
6 18 12 7
6 18 12 16
6 18 18 17
6 18 22 15
6 19 9 14
6 19 16 20
6 19 19 7
6 20 13 15
6 20 15 13
6 21 22 12
6 22 13 21
7 7 15 19
7 8 19 14
7 10 16 12
7 10 21 15
7 10 22 8
7 11 7 20
7 11 19 14
7 11 20 22
7 12 10 9
7 12 10 14
7 12 21 20
7 13 7 21
7 13 11 14
7 13 13 17
7 14 10 11
7 14 19 8
7 14 21 9
7 15 8 9
7 15 22 8
7 16 9 20
7 16 11 13
7 16 20 14
7 17 18 17
7 17 21 17
7 18 14 11
7 18 22 11
7 19 13 11
7 20 15 14
7 20 17 21
7 20 19 20
7 20 21 16
7 20 22 18
7 21 12 13
7 22 13 21
7 22 15 18
8 8 8 10
8 8 13 16
8 8 20 13
8 9 20 16
8 9 21 22
8 9 22 22
8 10 20 17
8 11 10 13
8 11 14 21
8 12 12 20
8 12 12 22
8 13 11 17
8 13 11 19
8 13 18 17
8 14 9 9
8 14 14 17
8 14 22 21
8 15 9 12
8 15 11 17
8 15 19 10
8 15 19 15
8 16 12 21
8 17 10 12
8 17 15 15
8 17 18 16
8 17 21 13
8 17 22 12
8 18 8 19
8 18 19 15
8 19 17 19
8 20 12 13
8 22 17 20
9 9 11 11
9 9 14 21
9 10 16 14
9 10 22 13
9 11 17 16
9 12 11 22
9 12 14 12
9 12 18 12
9 13 9 18
9 13 9 19
9 13 16 22
9 14 9 16
9 14 16 10
9 14 22 12
9 15 11 16
9 15 15 17
9 16 21 15
9 18 19 12
9 19 18 10
9 19 19 18
9 20 21 14
10 10 14 19
10 11 19 17
10 11 19 20
10 12 10 14
10 13 11 19
10 13 16 14
10 14 13 11
10 15 10 21
10 15 12 21
10 16 22 22
10 17 12 20
10 17 15 20
10 17 17 13
10 21 16 20
10 21 21 21
10 22 14 13
10 22 18 11
11 11 21 20
11 12 14 20
11 13 19 18
11 14 18 20
11 15 20 12
11 16 20 17
11 17 16 17
11 18 13 12
11 18 22 15
11 19 22 16
11 22 16 20
12 14 13 17
12 14 15 16
12 15 15 20
12 16 17 21
12 16 18 22
12 16 21 19
12 19 18 21
13 15 21 19
13 15 21 21
13 16 18 18
13 17 15 16
13 17 15 17
13 19 19 17
13 20 22 19
13 21 20 14
13 22 17 22
13 22 18 20
14 14 19 15
14 15 14 21
14 19 17 16
14 21 16 18
14 22 15 18
15 18 22 19
15 20 20 22
16 18 19 22
16 19 21 22
16 22 21 21
17 18 20 22
17 20 19 19
18 18 19 21
