20 9
0 0 1 5
0 0 2 5
0 0 4 2
0 0 5 5
0 1 7 5
0 1 9 4
0 1 10 2
0 1 11 1
0 1 11 2
0 1 11 3
0 1 12 1
0 1 12 2
0 1 16 2
0 1 18 2
0 2 6 3
0 2 7 5
0 2 13 1
0 2 13 5
0 2 14 1
0 2 14 5
0 2 15 1
0 2 17 2
0 2 19 3
0 2 19 4
0 3 6 3
0 3 8 1
0 3 11 4
0 3 12 4
0 3 13 4
0 3 14 3
0 3 15 4
0 3 18 1
0 3 19 2
0 3 19 3
0 3 19 4
0 4 6 1
0 4 6 3
0 4 8 5
0 4 9 2
0 4 13 5
0 4 14 3
0 4 15 2
0 4 15 3
0 4 15 5
0 4 18 1
0 5 8 4
0 5 9 1
0 5 10 4
0 5 13 2
0 5 15 4
0 5 16 3
0 5 16 4
0 5 17 3
0 5 18 1
6 6 7 15
6 6 14 15
6 6 16 19
6 6 18 8
6 7 8 16
6 7 16 12
6 8 7 19
6 8 10 8
6 8 12 14
6 10 6 14
6 10 17 7
6 10 18 10
6 11 6 16
6 11 16 13
6 12 8 18
6 12 13 12
6 13 16 15
6 13 18 7
6 14 6 15
6 14 18 9
6 15 8 16
6 15 13 14
6 16 13 17
6 16 19 12
6 18 7 10
6 18 11 18
6 18 15 15
6 19 16 13
6 19 16 15
7 7 11 11
7 7 18 19
7 8 11 13
7 9 8 13
7 9 9 10
7 9 10 11
7 9 13 12
7 11 8 17
7 11 10 12
7 11 12 14
7 12 11 8
7 13 17 8
7 13 17 15
7 13 17 16
7 13 18 18
7 14 11 11
7 14 12 16
7 14 14 18
7 15 10 17
7 15 16 15
7 16 9 9
7 16 11 11
7 16 13 13
7 16 14 12
7 18 11 15
7 18 18 17
7 19 17 13
7 19 19 12
7 19 19 19
8 9 11 9
8 10 9 9
8 10 10 14
8 11 9 12
8 12 8 14
8 13 12 10
8 13 17 11
8 13 18 12
8 14 19 10
8 14 19 17
8 15 12 14
8 16 12 14
8 16 12 16
8 16 15 17
8 17 8 18
8 17 10 16
8 18 10 18
8 18 17 10
8 19 11 10
8 19 15 9
8 19 18 10
8 19 19 11
9 9 10 12
9 9 10 13
9 9 13 17
9 10 9 16
9 10 11 17
9 11 14 14
9 11 14 18
9 11 15 14
9 11 16 10
9 11 18 16
9 12 16 12
9 12 19 16
9 13 12 17
9 15 16 17
9 17 10 13
9 17 12 11
9 19 12 19
9 19 13 16
9 19 15 19
10 10 12 15
10 12 14 18
10 12 15 15
10 13 12 17
10 14 11 19
10 14 14 11
10 14 18 17
10 15 10 18
10 16 15 11
10 18 14 19
11 11 13 13
11 14 15 19
11 15 14 16
11 17 13 17
12 12 17 19
12 14 14 19
12 16 12 17
12 17 17 19
13 13 17 17
13 14 18 15
13 15 15 15
13 17 19 15
13 18 18 14
14 15 17 18
14 19 16 16
15 16 17 17
16 18 17 18
