19 7
0 0 1 5
0 0 5 1
0 0 5 4
0 0 5 5
0 1 6 5
0 1 8 1
0 1 9 2
0 1 9 5
0 1 10 1
0 1 10 2
0 1 11 4
0 1 12 3
0 1 15 5
0 2 7 1
0 2 7 5
0 2 8 1
0 2 8 5
0 2 9 2
0 2 10 3
0 2 10 4
0 2 13 2
0 2 14 2
0 2 15 1
0 3 6 3
0 3 7 3
0 3 7 4
0 3 9 4
0 3 10 2
0 3 13 2
0 3 14 1
0 3 15 3
0 3 15 4
0 3 16 1
0 4 6 3
0 4 7 5
0 4 9 1
0 4 10 3
0 4 11 2
0 4 11 4
0 4 12 1
0 4 13 3
0 4 16 4
0 5 6 3
0 5 8 3
0 5 11 2
0 5 12 2
0 5 16 4
0 5 16 5
6 6 7 15
6 6 9 14
6 6 10 10
6 6 14 12
6 7 16 15
6 8 12 8
6 8 15 13
6 8 15 16
6 9 8 11
6 9 9 8
6 9 14 10
6 11 8 8
6 11 14 7
6 11 14 13
6 12 11 7
6 12 13 16
6 13 10 11
6 13 13 14
6 14 7 7
6 14 7 16
6 14 10 14
6 14 13 7
6 14 13 16
6 16 9 13
6 16 10 13
6 16 11 15
6 16 12 13
6 16 14 11
7 7 11 16
7 7 12 15
7 8 10 16
7 8 14 13
7 9 7 14
7 9 9 10
7 9 10 13
7 9 15 15
7 10 7 14
7 11 15 16
7 12 9 16
7 12 11 11
7 12 11 14
7 12 12 15
7 15 11 8
7 15 11 12
7 15 13 8
7 16 8 9
7 16 12 12
8 8 10 13
8 8 11 13
8 8 13 13
8 9 10 9
8 9 10 13
8 9 10 14
8 9 12 12
8 9 14 10
8 11 13 14
8 11 15 11
8 11 15 13
8 12 9 9
8 12 11 11
8 12 13 16
8 14 10 16
8 16 10 10
9 9 10 12
9 9 15 14
9 11 11 15
9 11 14 10
9 12 14 10
9 13 10 11
9 13 16 14
9 15 12 14
10 12 10 13
10 12 12 14
10 12 15 11
10 14 16 15
10 15 11 13
10 15 13 15
10 15 16 12
11 16 13 12
11 16 16 15
12 12 16 15
12 15 16 14
13 13 14 14
13 15 16 16
14 16 15 15
