19 19
0 0 1 1
0 0 2 2
0 0 2 3
0 0 3 3
0 1 6 1
0 1 6 2
0 1 8 3
0 1 9 1
0 1 10 4
0 1 11 3
0 1 11 4
0 1 11 5
0 1 21 1
0 1 21 5
0 1 22 5
0 1 24 2
0 1 25 4
0 1 26 1
0 2 6 4
0 2 6 5
0 2 8 3
0 2 9 5
0 2 12 1
0 2 12 4
0 2 13 3
0 2 13 5
0 2 14 3
0 2 15 4
0 2 16 3
0 2 17 2
0 2 25 4
0 3 6 3
0 3 7 5
0 3 9 4
0 3 9 5
0 3 10 1
0 3 11 1
0 3 16 4
0 3 18 1
0 3 19 2
0 3 20 4
0 3 21 5
0 3 23 2
0 3 24 2
0 4 8 2
0 4 9 1
0 4 9 2
0 4 12 1
0 4 12 5
0 4 13 3
0 4 15 2
0 4 15 4
0 4 17 5
0 4 18 2
0 4 19 2
0 4 20 4
0 4 20 5
0 4 25 3
0 5 6 1
0 5 6 3
0 5 7 3
0 5 7 5
0 5 8 1
0 5 14 5
0 5 15 4
0 5 17 1
0 5 17 3
0 5 18 4
0 5 21 2
0 5 22 1
0 5 22 2
0 5 24 2
6 6 10 10
6 6 17 11
6 7 7 21
6 7 20 13
6 8 9 25
6 8 10 25
6 8 13 18
6 8 20 7
6 9 9 12
6 9 12 21
6 9 23 18
6 10 14 20
6 11 23 13
6 11 24 16
6 12 11 15
6 13 17 11
6 13 25 13
6 14 13 25
6 14 25 13
6 16 12 16
6 16 13 14
6 16 23 8
6 16 24 15
6 19 12 23
6 19 13 11
6 19 14 10
6 19 15 7
6 19 15 21
6 19 18 25
6 20 7 20
6 20 9 25
6 20 13 12
6 21 7 11
6 21 20 12
6 21 20 18
6 21 23 17
6 21 24 17
6 22 19 24
6 22 26 8
6 22 26 10
6 23 15 9
6 23 21 9
6 23 24 8
6 24 12 8
6 24 18 19
6 24 19 14
6 24 19 22
6 25 7 12
6 25 23 24
6 26 11 10
6 26 26 11
7 7 14 15
7 7 14 25
7 8 7 13
7 9 19 13
7 10 8 24
7 10 13 20
7 11 24 10
7 11 25 16
7 11 26 21
7 12 20 16
7 12 26 21
7 13 14 19
7 13 19 20
7 14 8 8
7 14 14 13
7 14 26 22
7 14 26 23
7 15 7 22
7 15 20 21
7 15 23 17
7 16 8 14
7 16 11 22
7 16 23 21
7 17 10 22
7 17 10 24
7 17 18 19
7 18 8 12
7 18 10 20
7 18 15 12
7 18 16 22
7 18 22 18
7 18 23 13
7 19 15 9
7 19 20 14
7 19 26 21
7 20 21 25
7 22 22 13
7 23 18 9
7 24 16 13
7 24 18 22
7 25 12 11
7 25 23 9
7 25 25 25
7 26 11 18
7 26 18 12
8 8 14 15
8 8 22 26
8 8 23 18
8 9 13 13
8 9 14 19
8 9 20 13
8 9 24 16
8 10 13 10
8 10 19 17
8 11 14 12
8 11 17 23
8 11 18 21
8 13 11 14
8 13 13 10
8 13 22 15
8 14 20 18
8 15 16 26
8 16 18 23
8 17 14 21
8 17 18 18
8 17 21 26
8 17 24 24
8 18 11 14
8 19 19 20
8 19 25 24
8 19 26 10
8 20 20 19
8 21 19 13
8 21 26 18
8 23 11 21
8 23 16 25
8 23 25 20
8 24 11 19
8 24 16 26
8 24 17 15
8 25 14 9
8 26 10 15
8 26 10 22
8 26 21 12
9 10 18 19
9 10 18 25
9 10 20 25
9 11 12 25
9 11 14 11
9 11 20 21
9 11 21 13
9 13 21 14
9 15 10 16
9 15 17 14
9 15 20 14
9 16 10 22
9 16 14 17
9 16 23 23
9 16 25 18
9 16 26 18
9 17 12 16
9 17 13 20
9 17 17 19
9 17 26 12
9 18 14 17
9 19 24 19
9 20 10 18
9 20 11 25
9 20 21 22
9 21 13 26
9 22 14 23
9 22 16 15
9 23 15 10
9 23 21 16
9 24 19 26
9 25 18 19
9 25 20 22
9 26 12 26
9 26 15 17
10 10 14 18
10 11 20 24
10 12 11 16
10 12 14 22
10 12 18 24
10 12 21 16
10 13 16 12
10 13 17 21
10 13 24 26
10 17 15 17
10 17 16 25
10 17 24 23
10 19 12 23
10 19 15 11
10 19 17 14
10 19 24 22
10 19 25 26
10 20 19 20
10 21 17 18
10 22 12 26
10 22 23 22
10 23 14 22
10 23 17 22
10 23 25 12
10 24 17 26
10 25 16 15
10 25 21 20
10 26 26 11
11 11 15 19
11 14 14 24
11 14 24 14
11 15 16 14
11 16 25 24
11 17 12 17
11 19 11 23
11 19 11 25
11 19 16 15
11 19 17 25
11 20 11 23
11 20 19 16
11 22 24 25
11 24 14 15
11 25 15 19
11 25 20 23
11 25 23 16
11 26 20 22
12 12 12 13
12 14 22 22
12 16 14 21
12 17 15 17
12 17 16 26
12 17 23 15
12 17 23 18
12 18 13 26
12 20 13 16
12 20 13 17
12 20 20 18
12 21 13 23
12 21 13 26
12 21 17 24
12 21 23 19
12 21 26 25
12 22 13 26
12 22 21 17
12 23 14 16
12 25 17 24
12 25 21 21
12 25 25 22
13 13 24 26
13 15 20 22
13 16 26 16
13 17 24 25
13 18 15 20
13 18 20 26
13 19 21 24
13 20 18 21
13 20 22 14
13 24 15 15
13 26 18 18
14 14 26 24
14 21 16 24
14 21 21 23
14 21 23 17
14 22 15 23
14 22 23 20
14 23 19 23
14 24 19 20
14 25 21 15
14 25 22 16
15 15 18 22
15 16 23 20
15 17 16 22
15 19 15 22
15 20 16 20
15 21 15 26
15 22 15 23
15 22 22 20
15 22 22 26
15 22 23 21
15 23 26 24
15 24 16 23
16 16 18 22
16 21 19 21
16 22 16 25
16 25 18 23
16 25 18 26
17 17 18 25
17 18 25 23
17 22 21 22
17 22 23 26
17 26 26 19
18 19 24 26
18 22 18 24
18 24 21 26
18 25 24 20
18 26 24 19
19 26 23 24
19 26 25 24
20 23 24 24
