13 8
0 0 1 2
0 0 2 1
0 0 3 3
0 0 4 4
0 1 5 1
0 1 5 2
0 1 6 2
0 1 6 3
0 1 8 3
0 1 8 4
0 1 10 3
0 1 14 1
0 1 14 2
0 2 5 3
0 2 5 4
0 2 6 1
0 2 6 2
0 2 6 4
0 2 8 4
0 2 9 1
0 2 10 3
0 2 11 2
0 3 5 3
0 3 7 1
0 3 7 2
0 3 9 2
0 3 10 4
0 3 12 4
0 3 13 1
0 3 14 2
0 4 5 4
0 4 7 1
0 4 9 1
0 4 9 3
0 4 9 4
0 4 13 1
0 4 13 3
0 4 14 2
5 5 6 6
5 5 7 8
5 5 13 7
5 6 13 12
5 7 12 7
5 7 13 9
5 8 6 7
5 8 7 11
5 8 7 14
5 8 12 13
5 9 11 14
5 9 14 7
5 10 7 9
5 10 9 8
5 11 6 14
5 11 7 12
5 11 9 9
5 11 10 8
5 12 11 7
5 13 14 9
5 14 10 6
6 6 6 10
6 7 7 7
6 7 12 11
6 7 13 9
6 8 6 11
6 8 11 13
6 9 13 7
6 10 10 10
6 11 11 10
6 11 14 7
6 12 12 11
6 13 6 14
6 13 7 10
6 13 14 13
6 14 14 11
7 8 11 14
7 10 12 13
7 11 8 13
7 12 14 11
7 13 12 9
7 14 10 10
7 14 12 8
8 8 12 11
8 8 13 14
8 9 10 14
8 10 12 12
8 11 10 9
8 11 10 12
8 11 13 12
8 12 9 9
8 12 10 12
8 13 9 9
8 13 10 13
8 13 12 14
8 14 10 13
9 9 12 10
9 9 13 10
9 11 10 13
9 11 12 14
9 12 11 11
9 14 14 10
10 10 12 12
10 11 11 12
11 12 13 13
12 13 14 14
