18 10
0 0 2 4
0 0 4 5
0 0 5 2
0 0 5 4
0 1 7 3
0 1 9 4
0 1 10 3
0 1 12 3
0 1 12 5
0 1 13 1
0 1 14 3
0 1 15 5
0 1 17 3
0 1 18 3
0 1 18 5
0 2 8 1
0 2 8 4
0 2 11 2
0 2 12 2
0 2 14 2
0 2 15 2
0 2 16 5
0 2 18 5
0 2 19 2
0 2 19 5
0 3 6 1
0 3 8 1
0 3 9 1
0 3 9 4
0 3 12 5
0 3 13 1
0 3 16 1
0 3 16 4
0 3 17 5
0 3 19 4
0 4 6 3
0 4 9 1
0 4 9 2
0 4 10 4
0 4 11 3
0 4 13 2
0 4 16 2
0 4 17 1
0 4 18 2
0 5 7 4
0 5 11 1
0 5 11 3
0 5 12 4
0 5 12 5
0 5 14 2
0 5 16 3
0 5 17 1
6 6 6 9
6 6 10 7
6 6 11 8
6 6 11 16
6 6 14 9
6 7 6 13
6 7 12 18
6 7 12 19
6 7 19 9
6 7 19 13
6 8 14 12
6 8 15 16
6 11 7 18
6 11 11 16
6 11 12 11
6 11 15 7
6 12 13 8
6 13 6 16
6 13 13 14
6 13 16 17
6 13 18 8
6 14 10 13
6 15 11 17
6 15 16 8
6 16 9 12
6 18 12 8
6 19 7 10
6 19 11 9
6 19 18 12
6 19 18 15
7 7 9 18
7 7 10 14
7 8 7 13
7 8 9 15
7 8 12 19
7 8 13 10
7 10 9 10
7 10 16 14
7 11 8 9
7 11 19 11
7 12 17 8
7 13 8 19
7 13 18 19
7 13 19 12
7 14 8 10
7 14 15 10
7 15 16 14
7 15 19 14
7 16 14 15
7 16 14 19
7 18 9 18
7 18 16 14
7 18 18 10
7 19 9 18
7 19 18 11
7 19 18 13
8 8 14 14
8 8 17 13
8 10 12 14
8 10 14 10
8 10 15 11
8 10 19 9
8 11 16 10
8 11 16 17
8 12 16 9
8 13 13 17
8 15 14 15
8 15 16 10
8 16 8 17
8 17 13 16
8 17 18 14
8 18 13 12
8 18 16 15
8 19 10 14
8 19 12 9
9 10 11 13
9 10 17 16
9 11 11 14
9 12 10 11
9 12 12 19
9 12 13 12
9 13 15 15
9 14 14 12
9 15 11 14
9 15 13 14
9 15 16 11
9 15 17 10
9 16 11 14
9 16 18 12
9 17 13 19
9 17 16 10
9 18 13 16
9 18 13 17
9 18 15 14
9 18 17 13
9 18 17 19
10 10 14 14
10 10 15 17
10 11 10 17
10 11 16 17
10 12 18 17
10 14 12 18
10 14 19 13
10 17 15 16
10 17 17 17
10 19 11 12
10 19 16 18
11 12 11 19
11 13 13 17
11 13 18 16
11 17 15 13
11 17 15 15
11 17 16 12
11 18 18 18
11 18 19 19
12 14 13 18
12 15 15 15
12 15 17 16
12 17 13 15
12 17 13 19
12 19 15 19
12 19 16 19
13 17 14 17
14 15 15 18
14 16 19 15
14 18 15 19
14 19 17 16
15 16 17 17
